0 0 0 0 1 0 0 16.9108 103 
0 0 0 0 1 0 0 17.2039 93 
0 0 0 0 1 0 0 17.2061 92 
0 0 0 0 1 0 0 17.2086 94 
0 0 0 0 1 0 0 17.2244 96 
0 0 0 0 1 0 0 17.2292 97 
0 0 0 0 1 0 0 18.1833 91 
0 0 0 0 1 0 0 18.2000 90 
0 0 0 0 1 0 0 18.2167 91 
0 0 0 0 1 0 0 18.3333 81 
0 0 0 0 1 0 0 18.4167 84 
0 0 0 0 1 0 0 18.4333 85 
0 0 0 0 1 0 0 18.4500 82 
0 0 0 0 1 0 0 18.4667 80 
0 0 0 0 1 0 0 18.4833 81 
0 0 0 0 1 0 0 18.5333 79 
0 0 0 0 1 0 0 18.5500 81 
0 0 0 0 1 0 0 18.6000 78 
0 0 0 0 1 0 0 18.6833 76 
0 0 0 0 1 0 0 18.7000 79 
0 0 0 0 1 0 0 18.7167 80 
0 0 0 0 1 0 0 18.7500 79 
0 0 0 0 1 0 0 18.7836 76 
0 0 0 0 1 0 0 18.8000 80 
0 0 0 0 1 0 0 18.8167 81 
0 0 0 0 1 0 0 18.9500 81 
0 0 0 0 1 0 0 18.9667 82 
0 0 0 0 1 0 0 19.0833 78 
0 0 0 0 1 0 0 19.1000 80 
0 0 0 0 1 0 0 19.1167 81 
0 0 0 0 1 0 0 19.1667 84 
0 0 0 0 1 0 0 19.2000 86 
0 0 0 0 1 0 0 19.2167 91 
0 0 0 0 1 0 0 19.2667 94 
0 0 0 0 1 0 0 19.3000 93 
0 0 0 0 1 0 0 19.3167 96 
0 0 0 0 1 0 0 19.3500 102 
0 0 0 0 1 0 0 19.3833 100 
0 0 0 0 1 0 0 19.4000 99 
0 0 0 0 1 0 0 19.4167 98 
0 0 0 0 1 0 0 19.4333 97 
0 0 0 0 1 0 0 19.5000 97 
0 0 0 0 1 0 0 19.5333 96 
0 0 0 0 1 0 0 19.5669 100 
0 0 0 0 1 0 0 19.5833 102 
0 0 0 0 1 0 0 19.6333 105 
0 0 0 0 1 0 0 19.6503 103 
0 0 0 0 1 0 0 19.6667 104 
0 0 0 0 1 0 0 19.6836 105 
0 0 0 0 1 0 0 19.7167 99 
0 0 0 0 1 0 0 19.7333 98 
0 0 0 0 1 0 0 19.7500 94 
0 0 0 0 1 0 0 19.7836 93 
0 0 0 0 1 0 0 19.8000 97 
0 0 0 0 1 0 0 19.8667 103 
0 0 0 0 1 0 0 19.9167 100 
0 0 0 0 1 0 0 19.9500 102 
0 0 0 0 1 0 0 20.0000 99 
0 0 0 0 1 0 0 20.0333 98 
0 0 0 0 1 0 0 20.0500 97 
0 0 0 0 1 0 0 20.0667 98 
0 0 0 0 1 0 0 20.1333 99 
0 0 0 0 1 0 0 20.1500 100 
0 0 0 0 1 0 0 20.2167 98 
0 0 0 0 1 0 0 20.2333 96 
0 0 0 0 1 0 0 20.2667 96 
0 0 0 0 1 0 0 20.2833 94 
0 0 0 0 1 0 0 20.3167 93 
0 0 0 0 1 0 0 20.3500 92 
0 0 0 0 1 0 0 20.3667 93 
0 0 0 0 1 0 0 20.3833 94 
0 0 0 0 1 0 0 20.4000 96 
0 0 0 0 1 0 0 20.4336 98 
0 0 0 0 1 0 0 20.4667 96 
0 0 0 0 1 0 0 20.5000 91 
0 0 0 0 1 0 0 20.5167 93 
0 0 0 0 1 0 0 20.5500 92 
0 0 0 0 1 0 0 20.5667 91 
0 0 0 0 1 0 0 20.5833 92 
0 0 0 0 1 0 0 20.6167 93 
0 0 0 0 1 0 0 20.6667 98 
0 0 0 0 1 0 0 20.7500 97 
0 0 0 0 1 0 0 20.7667 98 
0 0 0 0 1 0 0 20.8000 99 
0 0 0 0 1 0 0 20.8167 98 
0 0 0 0 1 0 0 20.8500 99 
0 0 0 0 1 0 0 21.0333 98 
0 0 0 0 1 0 0 21.0500 96 
0 0 0 0 1 0 0 21.0833 93 
0 0 0 0 1 0 0 21.1000 92 
0 0 0 0 1 0 0 21.1500 91 
0 0 0 0 1 0 0 21.1667 90 
0 0 0 0 1 0 0 21.1836 88 
0 0 0 0 1 0 0 21.2000 87 
0 0 0 0 1 0 0 21.2167 88 
0 0 0 0 1 0 0 21.2333 93 
0 0 0 0 1 0 0 21.2500 91 
0 0 0 0 1 0 0 21.2833 90 
0 0 0 0 1 0 0 21.3000 91 
0 0 0 0 1 0 0 21.3667 92 
0 0 0 0 1 0 0 21.3833 93 
0 0 0 0 1 0 0 21.4003 90 
0 0 0 0 1 0 0 21.4167 88 
0 0 0 0 1 0 0 21.4333 90 
0 0 0 0 1 0 0 21.4667 93 
0 0 0 0 1 0 0 21.4833 94 
0 0 0 0 1 0 0 21.5500 93 
0 0 0 0 1 0 0 21.5833 90 
0 0 0 0 1 0 0 21.6167 90 
0 0 0 0 1 0 0 21.6503 92 
0 0 0 0 1 0 0 21.6667 87 
0 0 0 0 1 0 0 21.6833 88 
0 0 0 0 1 0 0 21.7000 90 
0 0 0 0 1 0 0 21.7833 91 
0 0 0 0 1 0 0 21.8167 92 
0 0 0 0 1 0 0 21.8667 93 
0 0 0 0 1 0 0 21.9500 92 
0 0 0 0 1 0 0 22.0000 87 
0 0 0 0 1 0 0 22.0333 86 
0 0 0 0 1 0 0 22.0500 87 
0 0 0 0 1 0 0 22.0667 88 
0 0 0 0 1 0 0 22.0833 87 
0 0 0 0 1 0 0 22.1000 86 
0 0 0 0 1 0 0 22.1667 82 
0 0 0 0 1 0 0 22.2167 81 
0 0 0 0 1 0 0 22.3000 79 
0 0 0 0 1 0 0 22.3500 75 
0 0 0 0 1 0 0 22.3667 1 
0 0 0 0 1 0 0 22.3833 0 
0 0 0 0 1 0 0 22.5333 3 
0 0 0 0 1 0 0 22.5667 2 
0 0 0 0 0 1 0 5.4003 2 
0 0 0 0 0 1 0 6.3000 1 
0 0 0 0 0 1 0 6.5000 0 
0 0 0 0 0 1 0 6.5667 1 
0 0 0 0 0 1 0 7.1667 1 
0 0 0 0 0 1 0 7.5333 2 
0 0 0 0 0 1 0 7.6000 3 
0 0 0 0 0 1 0 7.6333 2 
0 0 0 0 0 1 0 7.9833 3 
0 0 0 0 0 1 0 8.0167 6 
0 0 0 0 0 1 0 8.0333 8 
0 0 0 0 0 1 0 8.0500 13 
0 0 0 0 0 1 0 8.0667 15 
0 0 0 0 0 1 0 8.1000 19 
0 0 0 0 0 1 0 8.1667 21 
0 0 0 0 0 1 0 8.1833 25 
0 0 0 0 0 1 0 8.2333 30 
0 0 0 0 0 1 0 8.2833 31 
0 0 0 0 0 1 0 8.3167 32 
0 0 0 0 0 1 0 8.3333 33 
0 0 0 0 0 1 0 8.3500 34 
0 0 0 0 0 1 0 8.3833 36 
0 0 0 0 0 1 0 8.4167 37 
0 0 0 0 0 1 0 8.4500 36 
0 0 0 0 0 1 0 8.5167 33 
0 0 0 0 0 1 0 8.5500 36 
0 0 0 0 0 1 0 8.5667 37 
0 0 0 0 0 1 0 8.5833 38 
0 0 0 0 0 1 0 8.6333 37 
0 0 0 0 0 1 0 8.6667 40 
0 0 0 0 0 1 0 8.7000 39 
0 0 0 0 0 1 0 8.7500 44 
0 0 0 0 0 1 0 8.8667 44 
0 0 0 0 0 1 0 8.8833 43 
0 0 0 0 0 1 0 8.9167 44 
0 0 0 0 0 1 0 8.9833 45 
0 0 0 0 0 1 0 9.0000 44 
0 0 0 0 0 1 0 9.0333 43 
0 0 0 0 0 1 0 9.0833 42 
0 0 0 0 0 1 0 9.1167 40 
0 0 0 0 0 1 0 9.2000 38 
0 0 0 0 0 1 0 9.2333 36 
0 0 0 0 0 1 0 9.2667 34 
0 0 0 0 0 1 0 9.3000 33 
0 0 0 0 0 1 0 9.3500 34 
0 0 0 0 0 1 0 9.3667 33 
0 0 0 0 0 1 0 9.4000 30 
0 0 0 0 0 1 0 9.4167 33 
0 0 0 0 0 1 0 9.4333 31 
0 0 0 0 0 1 0 9.4833 33 
0 0 0 0 0 1 0 9.5000 32 
0 0 0 0 0 1 0 9.5167 31 
0 0 0 0 0 1 0 9.5333 30 
0 0 0 0 0 1 0 9.5667 31 
0 0 0 0 0 1 0 9.5833 32 
0 0 0 0 0 1 0 9.6333 31 
0 0 0 0 0 1 0 9.6500 33 
0 0 0 0 0 1 0 9.6833 32 
0 0 0 0 0 1 0 9.7333 33 
0 0 0 0 0 1 0 9.7500 34 
0 0 0 0 0 1 0 9.8167 33 
0 0 0 0 0 1 0 9.9000 34 
0 0 0 0 0 1 0 9.9333 33 
0 0 0 0 0 1 0 9.9500 36 
0 0 0 0 0 1 0 9.9833 34 
0 0 0 0 0 1 0 10.0000 36 
0 0 0 0 0 1 0 10.0500 36 
0 0 0 0 0 1 0 10.0833 36 
0 0 0 0 0 1 0 10.1000 38 
0 0 0 0 0 1 0 10.1167 37 
0 0 0 0 0 1 0 10.1333 38 
0 0 0 0 0 1 0 10.1500 37 
0 0 0 0 0 1 0 10.2000 33 
0 0 0 0 0 1 0 10.2333 34 
0 0 0 0 0 1 0 10.3000 34 
0 0 0 0 0 1 0 10.3333 33 
0 0 0 0 0 1 0 10.3667 34 
0 0 0 0 0 1 0 10.3833 36 
0 0 0 0 0 1 0 10.4333 34 
0 0 0 0 0 1 0 10.4500 36 
0 0 0 0 0 1 0 10.4667 38 
0 0 0 0 0 1 0 10.4833 39 
0 0 0 0 0 1 0 10.6000 37 
0 0 0 0 0 1 0 10.6167 38 
0 0 0 0 0 1 0 10.6333 39 
0 0 0 0 0 1 0 10.7667 43 
0 0 0 0 0 1 0 10.7833 44 
0 0 0 0 0 1 0 10.8000 45 
0 0 0 0 0 1 0 10.8167 46 
0 0 0 0 0 1 0 10.8333 45 
0 0 0 0 0 1 0 10.9000 43 
0 0 0 0 0 1 0 10.9167 45 
0 0 0 0 0 1 0 10.9500 48 
0 0 0 0 0 1 0 10.9833 49 
0 0 0 0 0 1 0 11.0167 51 
0 0 0 0 0 1 0 11.0667 50 
0 0 0 0 0 1 0 11.0833 51 
0 0 0 0 0 1 0 11.1667 49 
0 0 0 0 0 1 0 11.2000 50 
0 0 0 0 0 1 0 11.2167 51 
0 0 0 0 0 1 0 11.2500 50 
0 0 0 0 0 1 0 11.2667 49 
0 0 0 0 0 1 0 11.3000 50 
0 0 0 0 0 1 0 11.3667 55 
0 0 0 0 0 1 0 11.4000 51 
0 0 0 0 0 1 0 11.4167 52 
0 0 0 0 0 1 0 11.4833 52 
0 0 0 0 0 1 0 11.5000 55 
0 0 0 0 0 1 0 11.5333 57 
0 0 0 0 0 1 0 11.5500 54 
0 0 0 0 0 1 0 11.5667 56 
0 0 0 0 0 1 0 11.6167 55 
0 0 0 0 0 1 0 11.6667 54 
0 0 0 0 0 1 0 11.7000 52 
0 0 0 0 0 1 0 11.7667 52 
0 0 0 0 0 1 0 11.7833 56 
0 0 0 0 0 1 0 11.8167 57 
0 0 0 0 0 1 0 11.8333 56 
0 0 0 0 0 1 0 11.8500 57 
0 0 0 0 0 1 0 11.8667 56 
0 0 0 0 0 1 0 11.8833 57 
0 0 0 0 0 1 0 11.9333 61 
0 0 0 0 0 1 0 11.9833 63 
0 0 0 0 0 1 0 12.0167 62 
0 0 0 0 0 1 0 12.0333 63 
0 0 0 0 0 1 0 12.1000 62 
0 0 0 0 0 1 0 12.1667 60 
0 0 0 0 0 1 0 12.1833 61 
0 0 0 0 0 1 0 12.2167 58 
0 0 0 0 0 1 0 12.2500 57 
0 0 0 0 0 1 0 12.3000 52 
0 0 0 0 0 1 0 12.3167 51 
0 0 0 0 0 1 0 12.3333 52 
0 0 0 0 0 1 0 12.3500 54 
0 0 0 0 0 1 0 12.3667 51 
0 0 0 0 0 1 0 12.4000 49 
0 0 0 0 0 1 0 12.4500 46 
0 0 0 0 0 1 0 12.4667 48 
0 0 0 0 0 1 0 12.5000 46 
0 0 0 0 0 1 0 12.5833 44 
0 0 0 0 0 1 0 12.6000 45 
0 0 0 0 0 1 0 12.6333 44 
0 0 0 0 0 1 0 12.6667 42 
0 0 0 0 0 1 0 12.7167 39 
0 0 0 0 0 1 0 12.7333 43 
0 0 0 0 0 1 0 12.7500 52 
0 0 0 0 0 1 0 12.7833 38 
0 0 0 0 0 1 0 12.8000 34 
0 0 0 0 0 1 0 12.9167 33 
0 0 0 0 0 1 0 12.9500 34 
0 0 0 0 0 1 0 12.9667 37 
0 0 0 0 0 1 0 12.9833 36 
0 0 0 0 0 1 0 13.0000 33 
0 0 0 0 0 1 0 13.0167 34 
0 0 0 0 0 1 0 13.0333 36 
0 0 0 0 0 1 0 13.0667 34 
0 0 0 0 0 1 0 13.1167 33 
0 0 0 0 0 1 0 13.2000 36 
0 0 0 0 0 1 0 13.2167 33 
0 0 0 0 0 1 0 13.2667 30 
0 0 0 0 0 1 0 13.2833 28 
0 0 0 0 0 1 0 13.3000 34 
0 0 0 0 0 1 0 13.3167 44 
0 0 0 0 0 1 0 13.3333 31 
0 0 0 0 0 1 0 13.3833 31 
0 0 0 0 0 1 0 13.4167 30 
0 0 0 0 0 1 0 13.5000 30 
0 0 0 0 0 1 0 13.5167 27 
0 0 0 0 0 1 0 13.5500 30 
0 0 0 0 0 1 0 13.5833 27 
0 0 0 0 0 1 0 13.6333 28 
0 0 0 0 0 1 0 13.6500 27 
0 0 0 0 0 1 0 19.7667 39 
0 0 0 0 0 1 0 19.8167 40 
0 0 0 0 0 1 0 19.8333 39 
0 0 0 0 0 1 0 19.9500 39 
0 0 0 0 0 1 0 19.9667 43 
0 0 0 0 0 1 0 19.9833 40 
0 0 0 0 0 1 0 20.0000 39 
0 0 0 0 0 1 0 20.0167 40 
0 0 0 0 0 1 0 20.0667 38 
0 0 0 0 0 1 0 20.0833 39 
0 0 0 0 0 1 0 20.1000 40 
0 0 0 0 0 1 0 20.1167 39 
0 0 0 0 0 1 0 20.1833 37 
0 0 0 0 0 1 0 20.2000 38 
0 0 0 0 0 1 0 20.2167 36 
0 0 0 0 0 1 0 20.2500 34 
0 0 0 0 0 1 0 20.2833 32 
0 0 0 0 0 1 0 20.3000 31 
0 0 0 0 0 1 0 20.3167 33 
0 0 0 0 0 1 0 20.3333 34 
0 0 0 0 0 1 0 20.3500 33 
0 0 0 0 0 1 0 20.4000 33 
0 0 0 0 0 1 0 20.4167 32 
0 0 0 0 0 1 0 20.4333 33 
0 0 0 0 0 1 0 20.4833 33 
0 0 0 0 0 1 0 20.5000 31 
0 0 0 0 0 1 0 20.5333 30 
0 0 0 0 0 1 0 20.5667 28 
0 0 0 0 0 1 0 20.5833 27 
0 0 0 0 0 1 0 20.6000 30 
0 0 0 0 0 1 0 20.6333 30 
0 0 0 0 0 1 0 20.7000 28 
0 0 0 0 0 1 0 20.8000 26 
0 0 0 0 0 1 0 20.8167 27 
0 0 0 0 0 1 0 20.8333 26 
0 0 0 0 0 1 0 20.8833 25 
0 0 0 0 0 1 0 20.9000 26 
0 0 0 0 0 1 0 20.9167 27 
0 0 0 0 0 1 0 20.9333 25 
0 0 0 0 0 1 0 20.9833 22 
0 0 0 0 0 1 0 21.0500 26 
0 0 0 0 0 1 0 21.0833 25 
0 0 0 0 0 1 0 21.1000 27 
0 0 0 0 0 1 0 21.1833 28 
0 0 0 0 0 1 0 21.2333 26 
0 0 0 0 0 1 0 21.2500 27 
0 0 0 0 0 1 0 21.2667 25 
0 0 0 0 0 1 0 21.3333 24 
0 0 0 0 0 1 0 21.4000 27 
0 0 0 0 0 1 0 21.4167 30 
0 0 0 0 0 1 0 21.4333 31 
0 0 0 0 0 1 0 21.4667 32 
0 0 0 0 0 1 0 21.4833 30 
0 0 0 0 0 1 0 21.5500 31 
0 0 0 0 0 1 0 21.5833 30 
0 0 0 0 0 1 0 21.6000 31 
0 0 0 0 0 1 0 21.6167 33 
0 0 0 0 0 1 0 21.6833 33 
0 0 0 0 0 1 0 21.7167 36 
0 0 0 0 0 1 0 21.7333 37 
0 0 0 0 0 1 0 21.7833 34 
0 0 0 0 0 1 0 21.8000 33 
0 0 0 0 0 1 0 21.9000 32 
0 0 0 0 0 1 0 21.9667 31 
0 0 0 0 0 1 0 22.0000 28 
0 0 0 0 0 1 0 22.0500 27 
0 0 0 0 0 1 0 22.1833 2 
0 0 0 0 0 1 0 22.2333 3 
0 0 0 0 0 1 0 22.2833 2 
0 0 0 0 0 1 0 22.3000 1 
0 0 0 0 0 1 0 22.3333 0 
0 0 0 0 0 1 0 22.4667 1 
0 0 0 0 0 1 0 22.4833 0 
0 0 0 0 0 0 1 5.3167 1 
0 0 0 0 0 0 1 5.4167 1 
0 0 0 0 0 0 1 5.5000 1 
0 0 0 0 0 0 1 5.7333 0 
0 0 0 0 0 0 1 6.0667 1 
0 0 0 0 0 0 1 6.2167 0 
0 0 0 0 0 0 1 6.3500 1 
0 0 0 0 0 0 1 6.3833 0 
0 0 0 0 0 0 1 6.4333 1 
0 0 0 0 0 0 1 6.6500 1 
0 0 0 0 0 0 1 6.7833 0 
0 0 0 0 0 0 1 7.7167 2 
0 0 0 0 0 0 1 7.7500 1 
0 0 0 0 0 0 1 7.7667 0 
0 0 0 0 0 0 1 8.0167 1 
0 0 0 0 0 0 1 8.0333 2 
0 0 0 0 0 0 1 8.0500 6 
0 0 0 0 0 0 1 8.0833 10 
0 0 0 0 0 0 1 8.1167 14 
0 0 0 0 0 0 1 8.1333 15 
0 0 0 0 0 0 1 8.2167 18 
0 0 0 0 0 0 1 8.2333 16 
0 0 0 0 0 0 1 8.3000 18 
0 0 0 0 0 0 1 8.3167 19 
0 0 0 0 0 0 1 8.3500 21 
0 0 0 0 0 0 1 8.3833 25 
0 0 0 0 0 0 1 8.4000 24 
0 0 0 0 0 0 1 8.4167 27 
0 0 0 0 0 0 1 8.4667 26 
0 0 0 0 0 0 1 8.6333 26 
0 0 0 0 0 0 1 8.6667 25 
0 0 0 0 0 0 1 8.6833 26 
0 0 0 0 0 0 1 8.7000 28 
0 0 0 0 0 0 1 8.7333 28 
0 0 0 0 0 0 1 8.7500 30 
0 0 0 0 0 0 1 8.7667 28 
0 0 0 0 0 0 1 8.7833 27 
0 0 0 0 0 0 1 8.8000 31 
0 0 0 0 0 0 1 8.8500 33 
0 0 0 0 0 0 1 8.8667 37 
0 0 0 0 0 0 1 8.9167 38 
0 0 0 0 0 0 1 9.1500 40 
0 0 0 0 0 0 1 9.1667 38 
0 0 0 0 0 0 1 9.1833 37 
0 0 0 0 0 0 1 9.2167 38 
0 0 0 0 0 0 1 9.2500 36 
0 0 0 0 0 0 1 9.2667 33 
0 0 0 0 0 0 1 9.4000 33 
0 0 0 0 0 0 1 9.4500 32 
0 0 0 0 0 0 1 9.6167 31 
0 0 0 0 0 0 1 9.6333 30 
0 0 0 0 0 0 1 9.6667 31 
0 0 0 0 0 0 1 9.7167 27 
0 0 0 0 0 0 1 9.7500 25 
0 0 0 0 0 0 1 9.7667 26 
0 0 0 0 0 0 1 9.8000 27 
0 0 0 0 0 0 1 9.8333 31 
0 0 0 0 0 0 1 9.8833 31 
0 0 0 0 0 0 1 9.9000 32 
0 0 0 0 0 0 1 9.9167 31 
0 0 0 0 0 0 1 9.9333 32 
0 0 0 0 0 0 1 9.9667 33 
0 0 0 0 0 0 1 10.0000 34 
0 0 0 0 0 0 1 10.0333 39 
0 0 0 0 0 0 1 10.2000 40 
0 0 0 0 0 0 1 10.2500 50 
0 0 0 0 0 0 1 10.2667 49 
0 0 0 0 0 0 1 10.2833 51 
0 0 0 0 0 0 1 10.3500 52 
0 0 0 0 0 0 1 10.4000 55 
0 0 0 0 0 0 1 10.4333 56 
0 0 0 0 0 0 1 10.4500 55 
0 0 0 0 0 0 1 10.4667 56 
0 0 0 0 0 0 1 10.4833 57 
0 0 0 0 0 0 1 10.5167 51 
0 0 0 0 0 0 1 10.5667 52 
0 0 0 0 0 0 1 10.5833 54 
0 0 0 0 0 0 1 10.6000 52 
0 0 0 0 0 0 1 10.6167 54 
0 0 0 0 0 0 1 10.6333 56 
0 0 0 0 0 0 1 10.6500 52 
0 0 0 0 0 0 1 10.6667 50 
0 0 0 0 0 0 1 10.7000 51 
0 0 0 0 0 0 1 10.7833 50 
0 0 0 0 0 0 1 10.8000 49 
0 0 0 0 0 0 1 10.8167 46 
0 0 0 0 0 0 1 10.8500 48 
0 0 0 0 0 0 1 10.8667 49 
0 0 0 0 0 0 1 10.8833 50 
0 0 0 0 0 0 1 10.9000 49 
0 0 0 0 0 0 1 10.9167 48 
0 0 0 0 0 0 1 10.9500 51 
0 0 0 0 0 0 1 11.0000 51 
0 0 0 0 0 0 1 11.0167 52 
0 0 0 0 0 0 1 11.0333 54 
0 0 0 0 0 0 1 11.0500 51 
0 0 0 0 0 0 1 11.0667 49 
0 0 0 0 0 0 1 11.0833 50 
0 0 0 0 0 0 1 11.1000 49 
0 0 0 0 0 0 1 11.1333 51 
0 0 0 0 0 0 1 11.1667 54 
0 0 0 0 0 0 1 11.2500 56 
0 0 0 0 0 0 1 11.2667 57 
0 0 0 0 0 0 1 11.3500 56 
0 0 0 0 0 0 1 11.3833 57 
0 0 0 0 0 0 1 11.4167 58 
0 0 0 0 0 0 1 11.4333 63 
0 0 0 0 0 0 1 11.4667 63 
0 0 0 0 0 0 1 11.4833 62 
0 0 0 0 0 0 1 11.5167 63 
0 0 0 0 0 0 1 11.6333 69 
0 0 0 0 0 0 1 11.6500 68 
0 0 0 0 0 0 1 11.6667 67 
0 0 0 0 0 0 1 11.7000 66 
0 0 0 0 0 0 1 11.7500 63 
0 0 0 0 0 0 1 11.8500 58 
0 0 0 0 0 0 1 11.8667 57 
0 0 0 0 0 0 1 11.9667 55 
0 0 0 0 0 0 1 12.0000 52 
0 0 0 0 0 0 1 12.0667 52 
0 0 0 0 0 0 1 12.1000 54 
0 0 0 0 0 0 1 12.1167 51 
0 0 0 0 0 0 1 12.1500 45 
0 0 0 0 0 0 1 12.1833 45 
0 0 0 0 0 0 1 12.2000 48 
0 0 0 0 0 0 1 12.2500 50 
0 0 0 0 0 0 1 12.2667 46 
0 0 0 0 0 0 1 12.2833 49 
0 0 0 0 0 0 1 12.3167 45 
0 0 0 0 0 0 1 12.3500 49 
0 0 0 0 0 0 1 12.3667 48 
0 0 0 0 0 0 1 12.4333 50 
0 0 0 0 0 0 1 12.4500 51 
0 0 0 0 0 0 1 12.4833 52 
0 0 0 0 0 0 1 12.5000 50 
0 0 0 0 0 0 1 12.5500 48 
0 0 0 0 0 0 1 12.5667 44 
0 0 0 0 0 0 1 12.6167 37 
0 0 0 0 0 0 1 12.6333 39 
0 0 0 0 0 0 1 12.6833 39 
0 0 0 0 0 0 1 12.7000 38 
0 0 0 0 0 0 1 12.7167 39 
0 0 0 0 0 0 1 12.7333 40 
0 0 0 0 0 0 1 12.8167 39 
0 0 0 0 0 0 1 12.8333 37 
0 0 0 0 0 0 1 12.8500 36 
0 0 0 0 0 0 1 12.9500 39 
0 0 0 0 0 0 1 12.9833 39 
0 0 0 0 0 0 1 13.0333 38 
0 0 0 0 0 0 1 13.0500 36 
0 0 0 0 0 0 1 13.0667 38 
0 0 0 0 0 0 1 13.1167 37 
0 0 0 0 0 0 1 13.1333 33 
0 0 0 0 0 0 1 13.1500 34 
0 0 0 0 0 0 1 13.1667 33 
0 0 0 0 0 0 1 13.2167 34 
0 0 0 0 0 0 1 13.2333 32 
0 0 0 0 0 0 1 13.2833 33 
0 0 0 0 0 0 1 13.3333 34 
0 0 0 0 0 0 1 13.3500 33 
0 0 0 0 0 0 1 13.3667 36 
0 0 0 0 0 0 1 13.3833 38 
0 0 0 0 0 0 1 13.4167 37 
0 0 0 0 0 0 1 13.4333 36 
0 0 0 0 0 0 1 13.4667 33 
0 0 0 0 0 0 1 13.5000 34 
0 0 0 0 0 0 1 13.5167 33 
0 0 0 0 0 0 1 13.5333 37 
0 0 0 0 0 0 1 13.5500 36 
0 0 0 0 0 0 1 13.5833 34 
0 0 0 0 0 0 1 13.6333 33 
0 0 0 0 0 0 1 13.6667 36 
0 0 0 0 0 0 1 13.7000 38 
0 0 0 0 0 0 1 13.7667 39 
0 0 0 0 0 0 1 13.7833 42 
0 0 0 0 0 0 1 13.8000 43 
0 0 0 0 0 0 1 13.8167 42 
0 0 0 0 0 0 1 13.8333 39 
0 0 0 0 0 0 1 13.8833 40 
0 0 0 0 0 0 1 13.9167 39 
0 0 0 0 0 0 1 13.9667 42 
0 0 0 0 0 0 1 14.0500 42 
0 0 0 0 0 0 1 14.0833 44 
0 0 0 0 0 0 1 14.1000 42 
0 0 0 0 0 0 1 14.1167 39 
0 0 0 0 0 0 1 14.1500 38 
0 0 0 0 0 0 1 14.1667 37 
0 0 0 0 0 0 1 14.2000 36 
0 0 0 0 0 0 1 14.2167 37 
0 0 0 0 0 0 1 14.2500 38 
0 0 0 0 0 0 1 14.3167 37 
0 0 0 0 0 0 1 14.3500 37 
0 0 0 0 0 0 1 14.3833 42 
0 0 0 0 0 0 1 14.4000 39 
0 0 0 0 0 0 1 14.4167 38 
0 0 0 0 0 0 1 14.4500 36 
0 0 0 0 0 0 1 14.4667 33 
0 0 0 0 0 0 1 14.5000 36 
0 0 0 0 0 0 1 14.5333 33 
0 0 0 0 0 0 1 14.5500 31 
0 0 0 0 0 0 1 14.5833 31 
0 0 0 0 0 0 1 14.6000 30 
0 0 0 0 0 0 1 14.6167 28 
0 0 0 0 0 0 1 14.6333 30 
0 0 0 0 0 0 1 14.6667 27 
0 0 0 0 0 0 1 14.7167 31 
0 0 0 0 0 0 1 14.7500 32 
0 0 0 0 0 0 1 14.7667 33 
0 0 0 0 0 0 1 14.8000 34 
0 0 0 0 0 0 1 14.8333 33 
0 0 0 0 0 0 1 14.8833 32 
0 0 0 0 0 0 1 14.9167 33 
0 0 0 0 0 0 1 14.9667 30 
0 0 0 0 0 0 1 15.0000 24 
0 0 0 0 0 0 1 15.0167 25 
0 0 0 0 0 0 1 15.0500 24 
0 0 0 0 0 0 1 15.0833 22 
0 0 0 0 0 0 1 15.1500 24 
0 0 0 0 0 0 1 15.2000 26 
0 0 0 0 0 0 1 15.2333 25 
0 0 0 0 0 0 1 15.2500 24 
0 0 0 0 0 0 1 15.2833 21 
0 0 0 0 0 0 1 15.3333 20 
0 0 0 0 0 0 1 15.3667 21 
0 0 0 0 0 0 1 15.4333 22 
0 0 0 0 0 0 1 15.4500 24 
0 0 0 0 0 0 1 15.4667 22 
0 0 0 0 0 0 1 15.5667 22 
0 0 0 0 0 0 1 15.6167 21 
0 0 0 0 0 0 1 15.7000 22 
0 0 0 0 0 0 1 15.7500 24 
0 0 0 0 0 0 1 15.7667 22 
0 0 0 0 0 0 1 15.7833 21 
0 0 0 0 0 0 1 15.8000 22 
0 0 0 0 0 0 1 15.8167 24 
0 0 0 0 0 0 1 15.8500 21 
0 0 0 0 0 0 1 15.9000 19 
0 0 0 0 0 0 1 16.0000 21 
0 0 0 0 0 0 1 16.1333 20 
0 0 0 0 0 0 1 16.1500 21 
0 0 0 0 0 0 1 16.2167 22 
0 0 0 0 0 0 1 16.2333 21 
0 0 0 0 0 0 1 16.2500 22 
0 0 0 0 0 0 1 16.2667 24 
0 0 0 0 0 0 1 16.2833 21 
0 0 0 0 0 0 1 16.3333 26 
0 0 0 0 0 0 1 16.3500 27 
0 0 0 0 0 0 1 16.4000 26 
0 0 0 0 0 0 1 16.4500 24 
0 0 0 0 0 0 1 16.4667 26 
0 0 0 0 0 0 1 16.4833 27 
0 0 0 0 0 0 1 16.6333 28 
0 0 0 0 0 0 1 16.6500 31 
0 0 0 0 0 0 1 16.6667 32 
0 0 0 0 0 0 1 16.7000 34 
0 0 0 0 0 0 1 16.7833 36 
0 0 0 0 0 0 1 16.8000 37 
0 0 0 0 0 0 1 16.8167 36 
0 0 0 0 0 0 1 16.8500 34 
0 0 0 0 0 0 1 16.8667 33 
0 0 0 0 0 0 1 16.8833 34 
0 0 0 0 0 0 1 16.9167 33 
0 0 0 0 0 0 1 16.9333 34 
0 0 0 0 0 0 1 17.0000 37 
0 0 0 0 0 0 1 17.0167 38 
0 0 0 0 0 0 1 17.0500 39 
0 0 0 0 0 0 1 17.1000 42 
0 0 0 0 0 0 1 17.1167 39 
0 0 0 0 0 0 1 17.1503 38 
0 0 0 0 0 0 1 17.1667 36 
0 0 0 0 0 0 1 17.1833 33 
0 0 0 0 0 0 1 17.3000 36 
0 0 0 0 0 0 1 17.3333 36 
0 0 0 0 0 0 1 17.3500 40 
0 0 0 0 0 0 1 17.3667 38 
0 0 0 0 0 0 1 17.3833 39 
0 0 0 0 0 0 1 17.4167 37 
0 0 0 0 0 0 1 17.4500 33 
0 0 0 0 0 0 1 17.4667 37 
0 0 0 0 0 0 1 17.5000 44 
0 0 0 0 0 0 1 17.5167 45 
0 0 0 0 0 0 1 17.5500 44 
0 0 0 0 0 0 1 17.6000 40 
0 0 0 0 0 0 1 17.6167 42 
0 0 0 0 0 0 1 17.6500 40 
0 0 0 0 0 0 1 17.7000 44 
0 0 0 0 0 0 1 17.7167 45 
0 0 0 0 0 0 1 17.7667 49 
0 0 0 0 0 0 1 17.7833 45 
0 0 0 0 0 0 1 17.8000 44 
0 0 0 0 0 0 1 17.9167 48 
0 0 0 0 0 0 1 17.9333 45 
0 0 0 0 0 0 1 17.9500 44 
0 0 0 0 0 0 1 17.9667 46 
0 0 0 0 0 0 1 17.9833 45 
0 0 0 0 0 0 1 18.0167 45 
0 0 0 0 0 0 1 18.0333 46 
0 0 0 0 0 0 1 18.0500 48 
0 0 0 0 0 0 1 18.1000 49 
0 0 0 0 0 0 1 18.1667 48 
0 0 0 0 0 0 1 18.1833 49 
0 0 0 0 0 0 1 18.2000 50 
0 0 0 0 0 0 1 18.2167 51 
0 0 0 0 0 0 1 18.3169 54 
0 0 0 0 0 0 1 18.3500 51 
0 0 0 0 0 0 1 18.3667 50 
0 0 0 0 0 0 1 18.3833 48 
0 0 0 0 0 0 1 18.4167 50 
0 0 0 0 0 0 1 18.4500 45 
0 0 0 0 0 0 1 18.4667 43 
0 0 0 0 0 0 1 18.4833 45 
0 0 0 0 0 0 1 18.5333 40 
0 0 0 0 0 0 1 18.5500 44 
0 0 0 0 0 0 1 18.5667 43 
0 0 0 0 0 0 1 18.5833 45 
0 0 0 0 0 0 1 18.6333 44 
0 0 0 0 0 0 1 18.6667 45 
0 0 0 0 0 0 1 18.7833 44 
0 0 0 0 0 0 1 18.8000 45 
0 0 0 0 0 0 1 18.8500 42 
0 0 0 0 0 0 1 18.8667 43 
0 0 0 0 0 0 1 18.9167 45 
0 0 0 0 0 0 1 18.9333 43 
0 0 0 0 0 0 1 18.9500 44 
0 0 0 0 0 0 1 18.9833 40 
0 0 0 0 0 0 1 19.0000 43 
0 0 0 0 0 0 1 19.0500 40 
0 0 0 0 0 0 1 19.1167 43 
0 0 0 0 0 0 1 19.1333 42 
0 0 0 0 0 0 1 19.1667 39 
0 0 0 0 0 0 1 19.2000 38 
0 0 0 0 0 0 1 19.2167 39 
0 0 0 0 0 0 1 19.3667 37 
0 0 0 0 0 0 1 19.3833 38 
0 0 0 0 0 0 1 19.4167 37 
0 0 0 0 0 0 1 19.4833 43 
0 0 0 0 0 0 1 19.5000 44 
0 0 0 0 0 0 1 19.5333 39 
0 0 0 0 0 0 1 19.5667 42 
0 0 0 0 0 0 1 19.6000 43 
0 0 0 0 0 0 1 19.6167 45 
0 0 0 0 0 0 1 19.6667 43 
0 0 0 0 0 0 1 19.6833 42 
0 0 0 0 0 0 1 19.7333 46 
0 0 0 0 0 0 1 19.8000 46 
0 0 0 0 0 0 1 19.8333 44 
0 0 0 0 0 0 1 19.8500 49 
0 0 0 0 0 0 1 19.8667 50 
0 0 0 0 0 0 1 19.9000 52 
0 0 0 0 0 0 1 19.9667 51 
0 0 0 0 0 0 1 20.0000 52 
0 0 0 0 0 0 1 20.0167 51 
0 0 0 0 0 0 1 20.0333 54 
0 0 0 0 0 0 1 20.0833 58 
0 0 0 0 0 0 1 20.1000 60 
0 0 0 0 0 0 1 20.1167 57 
0 0 0 0 0 0 1 20.1500 58 
0 0 0 0 0 0 1 20.1833 57 
0 0 0 0 0 0 1 20.2000 56 
0 0 0 0 0 0 1 20.2167 57 
0 0 0 0 0 0 1 20.2333 54 
0 0 0 0 0 0 1 20.2833 50 
0 0 0 0 0 0 1 20.3333 44 
0 0 0 0 0 0 1 20.3833 42 
0 0 0 0 0 0 1 20.4167 40 
0 0 0 0 0 0 1 20.4667 39 
0 0 0 0 0 0 1 20.5000 0 
0 0 0 0 0 0 1 20.5167 1 
0 0 0 0 0 0 1 20.5333 2 
0 0 0 0 0 0 1 20.6000 1 
0 0 0 0 0 0 1 20.6167 0 
0 0 0 0 0 0 1 20.6833 0 
0 0 0 0 0 0 1 20.7000 1 
0 0 0 0 0 0 1 20.7333 0 
0 0 0 0 0 0 1 21.0500 1 
0 0 0 0 0 0 1 21.4667 0 
0 0 0 0 0 0 1 21.6167 1 
0 0 0 0 0 0 1 21.8333 1 
0 0 0 0 0 0 1 21.9667 0 
0 0 0 0 0 0 1 22.0167 1 
0 0 0 0 0 0 1 22.2167 1 
0 0 0 0 0 0 1 22.3500 0 
0 0 0 0 0 0 1 22.3833 1 
0 0 0 0 0 0 1 22.5500 0 
0 0 0 0 0 0 1 22.5833 1 
0 0 0 0 0 0 1 22.9500 1 
0 0 0 0 0 0 1 23.1167 0 
0 0 0 0 0 0 1 23.1500 2 
0 0 0 0 0 0 1 23.2833 1 
0 0 0 0 0 0 1 23.5500 1 
0 0 0 0 0 0 1 23.6000 2 
0 0 0 0 0 0 1 23.7500 1 
0 0 0 0 0 0 1 23.7833 2 
0 0 0 0 0 0 1 23.9833 2 
1 0 0 0 0 0 0 0.0500 1 
1 0 0 0 0 0 0 6.3167 2 
1 0 0 0 0 0 0 6.3833 1 
1 0 0 0 0 0 0 6.4333 0 
1 0 0 0 0 0 0 6.4833 2 
1 0 0 0 0 0 0 6.5000 3 
1 0 0 0 0 0 0 6.5167 4 
1 0 0 0 0 0 0 6.5500 13 
1 0 0 0 0 0 0 6.5667 18 
1 0 0 0 0 0 0 6.5833 20 
1 0 0 0 0 0 0 6.6000 21 
1 0 0 0 0 0 0 6.6167 22 
1 0 0 0 0 0 0 6.6333 25 
1 0 0 0 0 0 0 6.6667 27 
1 0 0 0 0 0 0 6.7167 30 
1 0 0 0 0 0 0 6.8000 36 
1 0 0 0 0 0 0 6.8500 37 
1 0 0 0 0 0 0 6.8667 39 
1 0 0 0 0 0 0 6.9000 40 
1 0 0 0 0 0 0 6.9333 42 
1 0 0 0 0 0 0 6.9500 45 
1 0 0 0 0 0 0 6.9667 48 
1 0 0 0 0 0 0 7.0000 51 
1 0 0 0 0 0 0 7.0500 51 
1 0 0 0 0 0 0 7.0667 52 
1 0 0 0 0 0 0 7.0833 55 
1 0 0 0 0 0 0 7.1000 56 
1 0 0 0 0 0 0 7.1167 57 
1 0 0 0 0 0 0 7.1667 61 
1 0 0 0 0 0 0 7.1833 62 
1 0 0 0 0 0 0 7.2333 64 
1 0 0 0 0 0 0 7.3000 66 
1 0 0 0 0 0 0 7.3333 67 
1 0 0 0 0 0 0 7.3500 68 
1 0 0 0 0 0 0 7.3667 70 
1 0 0 0 0 0 0 7.3833 69 
1 0 0 0 0 0 0 7.4000 72 
1 0 0 0 0 0 0 7.4167 74 
1 0 0 0 0 0 0 7.4333 75 
1 0 0 0 0 0 0 7.4500 72 
1 0 0 0 0 0 0 7.5000 69 
1 0 0 0 0 0 0 7.5500 67 
1 0 0 0 0 0 0 7.5667 66 
1 0 0 0 0 0 0 7.6000 63 
1 0 0 0 0 0 0 7.6500 62 
1 0 0 0 0 0 0 7.6833 63 
1 0 0 0 0 0 0 7.7000 60 
1 0 0 0 0 0 0 7.7667 57 
1 0 0 0 0 0 0 7.8000 56 
1 0 0 0 0 0 0 7.8667 61 
1 0 0 0 0 0 0 7.8833 62 
1 0 0 0 0 0 0 7.9000 58 
1 0 0 0 0 0 0 7.9333 60 
1 0 0 0 0 0 0 8.0000 58 
1 0 0 0 0 0 0 8.0167 57 
1 0 0 0 0 0 0 8.0333 58 
1 0 0 0 0 0 0 8.0500 56 
1 0 0 0 0 0 0 8.0833 63 
1 0 0 0 0 0 0 8.1500 60 
1 0 0 0 0 0 0 8.1667 61 
1 0 0 0 0 0 0 8.1833 62 
1 0 0 0 0 0 0 8.2000 63 
1 0 0 0 0 0 0 8.2167 64 
1 0 0 0 0 0 0 8.2500 62 
1 0 0 0 0 0 0 8.2667 60 
1 0 0 0 0 0 0 8.3000 57 
1 0 0 0 0 0 0 8.3333 58 
1 0 0 0 0 0 0 8.4333 61 
1 0 0 0 0 0 0 8.4667 60 
1 0 0 0 0 0 0 8.5000 62 
1 0 0 0 0 0 0 8.5167 61 
1 0 0 0 0 0 0 8.5333 58 
1 0 0 0 0 0 0 8.5500 57 
1 0 0 0 0 0 0 8.5833 58 
1 0 0 0 0 0 0 8.6000 61 
1 0 0 0 0 0 0 8.6333 62 
1 0 0 0 0 0 0 8.6667 62 
1 0 0 0 0 0 0 8.6833 55 
1 0 0 0 0 0 0 8.7000 57 
1 0 0 0 0 0 0 8.7167 61 
1 0 0 0 0 0 0 8.7333 63 
1 0 0 0 0 0 0 8.7667 63 
1 0 0 0 0 0 0 8.7833 62 
1 0 0 0 0 0 0 8.8000 63 
1 0 0 0 0 0 0 8.8333 60 
1 0 0 0 0 0 0 8.9333 58 
1 0 0 0 0 0 0 8.9500 57 
1 0 0 0 0 0 0 8.9667 61 
1 0 0 0 0 0 0 9.0000 62 
1 0 0 0 0 0 0 9.0500 61 
1 0 0 0 0 0 0 9.0667 62 
1 0 0 0 0 0 0 9.0833 63 
1 0 0 0 0 0 0 9.1167 64 
1 0 0 0 0 0 0 9.1333 66 
1 0 0 0 0 0 0 9.1833 69 
1 0 0 0 0 0 0 9.2000 70 
1 0 0 0 0 0 0 9.2167 72 
1 0 0 0 0 0 0 9.2500 72 
1 0 0 0 0 0 0 9.2833 73 
1 0 0 0 0 0 0 9.3333 72 
1 0 0 0 0 0 0 9.3500 69 
1 0 0 0 0 0 0 9.3667 64 
1 0 0 0 0 0 0 9.3833 63 
1 0 0 0 0 0 0 9.4500 64 
1 0 0 0 0 0 0 9.4667 68 
1 0 0 0 0 0 0 9.5000 72 
1 0 0 0 0 0 0 9.5167 74 
1 0 0 0 0 0 0 9.5333 73 
1 0 0 0 0 0 0 9.5500 75 
1 0 0 0 0 0 0 9.5833 74 
1 0 0 0 0 0 0 9.6167 72 
1 0 0 0 0 0 0 9.6333 70 
1 0 0 0 0 0 0 9.6667 70 
1 0 0 0 0 0 0 9.7000 69 
1 0 0 0 0 0 0 9.7500 66 
1 0 0 0 0 0 0 9.7833 64 
1 0 0 0 0 0 0 9.8000 63 
1 0 0 0 0 0 0 9.8667 60 
1 0 0 0 0 0 0 9.8833 57 
1 0 0 0 0 0 0 9.9000 58 
1 0 0 0 0 0 0 9.9333 57 
1 0 0 0 0 0 0 10.0500 60 
1 0 0 0 0 0 0 10.0667 61 
1 0 0 0 0 0 0 10.1000 58 
1 0 0 0 0 0 0 10.1167 57 
1 0 0 0 0 0 0 10.1500 56 
1 0 0 0 0 0 0 10.1667 54 
1 0 0 0 0 0 0 10.1833 52 
1 0 0 0 0 0 0 10.2333 51 
1 0 0 0 0 0 0 10.3333 55 
1 0 0 0 0 0 0 10.3667 51 
1 0 0 0 0 0 0 10.4000 52 
1 0 0 0 0 0 0 10.4167 55 
1 0 0 0 0 0 0 10.4333 56 
1 0 0 0 0 0 0 10.4500 54 
1 0 0 0 0 0 0 10.5000 57 
1 0 0 0 0 0 0 10.5167 54 
1 0 0 0 0 0 0 10.5333 52 
1 0 0 0 0 0 0 10.5500 56 
1 0 0 0 0 0 0 10.6333 57 
1 0 0 0 0 0 0 10.6833 56 
1 0 0 0 0 0 0 10.7000 55 
1 0 0 0 0 0 0 10.7167 54 
1 0 0 0 0 0 0 10.7833 51 
1 0 0 0 0 0 0 10.8000 52 
1 0 0 0 0 0 0 10.8167 51 
1 0 0 0 0 0 0 10.8333 54 
1 0 0 0 0 0 0 10.8833 51 
1 0 0 0 0 0 0 10.9167 51 
1 0 0 0 0 0 0 10.9500 49 
1 0 0 0 0 0 0 10.9667 48 
1 0 0 0 0 0 0 10.9833 45 
1 0 0 0 0 0 0 11.0000 43 
1 0 0 0 0 0 0 11.0333 44 
1 0 0 0 0 0 0 11.0500 45 
1 0 0 0 0 0 0 11.1000 45 
1 0 0 0 0 0 0 11.1667 44 
1 0 0 0 0 0 0 11.2000 48 
1 0 0 0 0 0 0 11.2167 50 
1 0 0 0 0 0 0 11.2333 51 
1 0 0 0 0 0 0 11.2500 54 
1 0 0 0 0 0 0 11.2667 55 
1 0 0 0 0 0 0 11.2833 56 
1 0 0 0 0 0 0 11.3333 57 
1 0 0 0 0 0 0 11.3500 55 
1 0 0 0 0 0 0 11.3667 56 
1 0 0 0 0 0 0 11.4167 52 
1 0 0 0 0 0 0 11.4667 51 
1 0 0 0 0 0 0 11.4833 50 
1 0 0 0 0 0 0 11.5000 51 
1 0 0 0 0 0 0 11.5167 50 
1 0 0 0 0 0 0 11.5500 49 
1 0 0 0 0 0 0 11.6333 48 
1 0 0 0 0 0 0 11.6500 51 
1 0 0 0 0 0 0 11.6667 52 
1 0 0 0 0 0 0 11.7000 56 
1 0 0 0 0 0 0 11.7167 55 
1 0 0 0 0 0 0 11.7333 51 
1 0 0 0 0 0 0 11.8500 50 
1 0 0 0 0 0 0 11.8833 45 
1 0 0 0 0 0 0 11.9167 46 
1 0 0 0 0 0 0 11.9500 45 
1 0 0 0 0 0 0 11.9667 44 
1 0 0 0 0 0 0 11.9833 45 
1 0 0 0 0 0 0 12.0167 49 
1 0 0 0 0 0 0 12.0333 46 
1 0 0 0 0 0 0 12.0500 45 
1 0 0 0 0 0 0 12.1000 48 
1 0 0 0 0 0 0 12.1333 49 
1 0 0 0 0 0 0 12.1500 50 
1 0 0 0 0 0 0 12.1667 49 
1 0 0 0 0 0 0 12.1833 48 
1 0 0 0 0 0 0 12.2000 50 
1 0 0 0 0 0 0 12.2833 52 
1 0 0 0 0 0 0 12.3000 55 
1 0 0 0 0 0 0 12.3333 52 
1 0 0 0 0 0 0 12.3833 51 
1 0 0 0 0 0 0 12.4000 52 
1 0 0 0 0 0 0 12.4333 50 
1 0 0 0 0 0 0 12.4667 48 
1 0 0 0 0 0 0 12.5167 49 
1 0 0 0 0 0 0 12.5333 46 
1 0 0 0 0 0 0 12.5833 51 
1 0 0 0 0 0 0 12.6167 51 
1 0 0 0 0 0 0 12.6500 50 
1 0 0 0 0 0 0 12.6667 48 
1 0 0 0 0 0 0 12.6833 49 
1 0 0 0 0 0 0 12.7167 50 
1 0 0 0 0 0 0 12.7833 48 
1 0 0 0 0 0 0 12.8167 46 
1 0 0 0 0 0 0 12.8500 49 
1 0 0 0 0 0 0 12.9000 49 
1 0 0 0 0 0 0 12.9167 48 
1 0 0 0 0 0 0 12.9500 45 
1 0 0 0 0 0 0 13.0000 44 
1 0 0 0 0 0 0 13.0167 45 
1 0 0 0 0 0 0 13.0500 48 
1 0 0 0 0 0 0 13.0667 46 
1 0 0 0 0 0 0 13.1000 44 
1 0 0 0 0 0 0 13.1167 45 
1 0 0 0 0 0 0 13.1500 46 
1 0 0 0 0 0 0 13.1833 51 
1 0 0 0 0 0 0 13.2000 50 
1 0 0 0 0 0 0 13.2167 55 
1 0 0 0 0 0 0 13.2667 57 
1 0 0 0 0 0 0 13.2833 55 
1 0 0 0 0 0 0 13.3000 54 
1 0 0 0 0 0 0 13.3333 52 
1 0 0 0 0 0 0 13.3667 51 
1 0 0 0 0 0 0 13.4333 45 
1 0 0 0 0 0 0 13.4500 48 
1 0 0 0 0 0 0 13.4667 46 
1 0 0 0 0 0 0 13.4833 45 
1 0 0 0 0 0 0 13.5000 46 
1 0 0 0 0 0 0 13.5333 45 
1 0 0 0 0 0 0 13.5500 44 
1 0 0 0 0 0 0 13.5667 45 
1 0 0 0 0 0 0 13.6167 49 
1 0 0 0 0 0 0 13.6667 46 
1 0 0 0 0 0 0 13.7333 45 
1 0 0 0 0 0 0 13.7833 49 
1 0 0 0 0 0 0 13.8000 48 
1 0 0 0 0 0 0 13.8167 46 
1 0 0 0 0 0 0 13.8333 49 
1 0 0 0 0 0 0 13.8500 48 
1 0 0 0 0 0 0 13.9000 42 
1 0 0 0 0 0 0 13.9333 45 
1 0 0 0 0 0 0 14.0000 42 
1 0 0 0 0 0 0 14.0667 43 
1 0 0 0 0 0 0 14.0833 42 
1 0 0 0 0 0 0 14.1000 45 
1 0 0 0 0 0 0 14.1167 46 
1 0 0 0 0 0 0 14.1500 48 
1 0 0 0 0 0 0 14.1833 44 
1 0 0 0 0 0 0 14.2000 43 
1 0 0 0 0 0 0 14.2167 44 
1 0 0 0 0 0 0 14.2667 42 
1 0 0 0 0 0 0 14.3000 43 
1 0 0 0 0 0 0 14.3667 39 
1 0 0 0 0 0 0 14.4167 38 
1 0 0 0 0 0 0 14.4500 39 
1 0 0 0 0 0 0 14.5167 37 
1 0 0 0 0 0 0 14.5333 38 
1 0 0 0 0 0 0 14.5500 37 
1 0 0 0 0 0 0 14.5667 36 
1 0 0 0 0 0 0 14.6500 40 
1 0 0 0 0 0 0 14.6833 42 
1 0 0 0 0 0 0 14.7000 43 
1 0 0 0 0 0 0 14.7167 40 
1 0 0 0 0 0 0 14.7500 45 
1 0 0 0 0 0 0 14.8500 44 
1 0 0 0 0 0 0 14.8667 45 
1 0 0 0 0 0 0 14.9000 48 
1 0 0 0 0 0 0 14.9167 45 
1 0 0 0 0 0 0 14.9500 50 
1 0 0 0 0 0 0 14.9833 51 
1 0 0 0 0 0 0 15.0000 55 
1 0 0 0 0 0 0 15.0333 56 
1 0 0 0 0 0 0 15.0500 57 
1 0 0 0 0 0 0 15.0667 56 
1 0 0 0 0 0 0 15.0833 55 
1 0 0 0 0 0 0 15.1000 57 
1 0 0 0 0 0 0 15.1333 64 
1 0 0 0 0 0 0 15.1833 67 
1 0 0 0 0 0 0 15.2000 70 
1 0 0 0 0 0 0 15.2667 68 
1 0 0 0 0 0 0 15.3003 67 
1 0 0 0 0 0 0 15.3333 69 
1 0 0 0 0 0 0 15.3500 68 
1 0 0 0 0 0 0 15.3833 67 
1 0 0 0 0 0 0 15.4000 66 
1 0 0 0 0 0 0 15.4167 68 
1 0 0 0 0 0 0 15.4500 70 
1 0 0 0 0 0 0 15.5500 74 
1 0 0 0 0 0 0 15.5667 72 
1 0 0 0 0 0 0 15.5833 70 
1 0 0 0 0 0 0 15.6167 72 
1 0 0 0 0 0 0 15.6333 70 
1 0 0 0 0 0 0 15.6833 69 
1 0 0 0 0 0 0 15.7000 72 
1 0 0 0 0 0 0 15.7333 73 
1 0 0 0 0 0 0 15.8000 70 
1 0 0 0 0 0 0 15.8167 69 
1 0 0 0 0 0 0 15.8500 68 
1 0 0 0 0 0 0 15.8667 66 
1 0 0 0 0 0 0 15.8833 68 
1 0 0 0 0 0 0 15.9000 63 
1 0 0 0 0 0 0 15.9833 64 
1 0 0 0 0 0 0 16.0000 63 
1 0 0 0 0 0 0 16.0167 58 
1 0 0 0 0 0 0 16.0500 57 
1 0 0 0 0 0 0 16.0667 56 
1 0 0 0 0 0 0 16.1000 55 
1 0 0 0 0 0 0 16.1167 57 
1 0 0 0 0 0 0 16.1333 61 
1 0 0 0 0 0 0 16.1500 63 
1 0 0 0 0 0 0 16.1833 68 
1 0 0 0 0 0 0 16.2000 70 
1 0 0 0 0 0 0 16.2167 73 
1 0 0 0 0 0 0 16.3000 70 
1 0 0 0 0 0 0 16.3167 69 
1 0 0 0 0 0 0 16.3333 72 
1 0 0 0 0 0 0 16.3667 69 
1 0 0 0 0 0 0 16.4000 68 
1 0 0 0 0 0 0 16.4167 73 
1 0 0 0 0 0 0 16.4500 75 
1 0 0 0 0 0 0 16.4667 76 
1 0 0 0 0 0 0 16.5167 81 
1 0 0 0 0 0 0 16.5500 84 
1 0 0 0 0 0 0 16.5667 87 
1 0 0 0 0 0 0 16.5833 88 
1 0 0 0 0 0 0 16.6167 92 
1 0 0 0 0 0 0 16.6333 93 
1 0 0 0 0 0 0 16.6500 90 
1 0 0 0 0 0 0 16.6667 92 
1 0 0 0 0 0 0 16.7167 88 
1 0 0 0 0 0 0 16.7333 90 
1 0 0 0 0 0 0 16.7667 91 
1 0 0 0 0 0 0 16.7833 93 
1 0 0 0 0 0 0 16.8169 92 
1 0 0 0 0 0 0 16.8500 91 
1 0 0 0 0 0 0 16.8667 90 
1 0 0 0 0 0 0 16.8833 87 
1 0 0 0 0 0 0 16.9333 84 
1 0 0 0 0 0 0 16.9500 86 
1 0 0 0 0 0 0 17.0167 87 
1 0 0 0 0 0 0 17.0500 87 
1 0 0 0 0 0 0 17.0667 88 
1 0 0 0 0 0 0 17.1000 90 
1 0 0 0 0 0 0 17.1167 91 
1 0 0 0 0 0 0 17.1333 93 
1 0 0 0 0 0 0 17.1667 96 
1 0 0 0 0 0 0 17.1833 93 
1 0 0 0 0 0 0 17.2000 92 
1 0 0 0 0 0 0 17.2333 91 
1 0 0 0 0 0 0 17.2667 91 
1 0 0 0 0 0 0 17.2833 92 
1 0 0 0 0 0 0 17.3000 93 
1 0 0 0 0 0 0 17.3167 96 
1 0 0 0 0 0 0 17.3667 99 
1 0 0 0 0 0 0 17.3833 98 
1 0 0 0 0 0 0 17.4167 102 
1 0 0 0 0 0 0 17.4333 104 
1 0 0 0 0 0 0 17.4667 103 
1 0 0 0 0 0 0 17.5000 103 
1 0 0 0 0 0 0 17.5500 105 
1 0 0 0 0 0 0 17.5667 104 
1 0 0 0 0 0 0 17.6167 103 
1 0 0 0 0 0 0 17.6333 99 
1 0 0 0 0 0 0 17.6833 102 
1 0 0 0 0 0 0 17.7000 99 
1 0 0 0 0 0 0 17.7167 102 
1 0 0 0 0 0 0 17.7333 100 
1 0 0 0 0 0 0 17.7833 100 
1 0 0 0 0 0 0 17.8000 104 
1 0 0 0 0 0 0 17.8333 103 
1 0 0 0 0 0 0 17.8667 100 
1 0 0 0 0 0 0 17.9000 97 
1 0 0 0 0 0 0 17.9167 99 
1 0 0 0 0 0 0 17.9333 97 
1 0 0 0 0 0 0 17.9500 96 
1 0 0 0 0 0 0 17.9667 93 
1 0 0 0 0 0 0 18.0333 93 
1 0 0 0 0 0 0 18.1000 91 
1 0 0 0 0 0 0 18.1333 92 
1 0 0 0 0 0 0 18.1500 91 
1 0 0 0 0 0 0 18.1667 88 
1 0 0 0 0 0 0 18.1833 90 
1 0 0 0 0 0 0 18.2000 93 
1 0 0 0 0 0 0 18.2500 92 
1 0 0 0 0 0 0 18.2667 93 
1 0 0 0 0 0 0 18.4167 86 
1 0 0 0 0 0 0 18.4333 87 
1 0 0 0 0 0 0 18.4500 85 
1 0 0 0 0 0 0 18.4833 84 
1 0 0 0 0 0 0 18.5000 82 
1 0 0 0 0 0 0 18.5167 85 
1 0 0 0 0 0 0 18.5500 82 
1 0 0 0 0 0 0 18.5833 81 
1 0 0 0 0 0 0 18.6000 84 
1 0 0 0 0 0 0 18.6333 87 
1 0 0 0 0 0 0 18.6500 88 
1 0 0 0 0 0 0 18.6667 91 
1 0 0 0 0 0 0 18.6833 90 
1 0 0 0 0 0 0 18.7167 92 
1 0 0 0 0 0 0 18.7333 93 
1 0 0 0 0 0 0 18.7833 97 
1 0 0 0 0 0 0 18.8000 99 
1 0 0 0 0 0 0 18.8167 100 
1 0 0 0 0 0 0 18.8667 98 
1 0 0 0 0 0 0 18.8833 97 
1 0 0 0 0 0 0 18.9000 99 
1 0 0 0 0 0 0 18.9167 100 
1 0 0 0 0 0 0 18.9333 99 
1 0 0 0 0 0 0 19.1000 98 
1 0 0 0 0 0 0 19.1167 97 
1 0 0 0 0 0 0 19.1333 94 
1 0 0 0 0 0 0 19.2000 94 
1 0 0 0 0 0 0 19.2333 94 
1 0 0 0 0 0 0 19.2667 93 
1 0 0 0 0 0 0 19.2833 96 
1 0 0 0 0 0 0 19.3333 94 
1 0 0 0 0 0 0 19.3500 97 
1 0 0 0 0 0 0 19.3667 93 
1 0 0 0 0 0 0 19.3833 97 
1 0 0 0 0 0 0 19.4167 99 
1 0 0 0 0 0 0 19.4333 100 
1 0 0 0 0 0 0 19.4833 98 
1 0 0 0 0 0 0 19.5000 99 
1 0 0 0 0 0 0 19.5167 97 
1 0 0 0 0 0 0 19.5333 99 
1 0 0 0 0 0 0 19.5500 98 
1 0 0 0 0 0 0 19.6000 97 
1 0 0 0 0 0 0 19.6333 100 
1 0 0 0 0 0 0 19.6500 103 
1 0 0 0 0 0 0 19.6667 102 
1 0 0 0 0 0 0 19.7000 103 
1 0 0 0 0 0 0 19.7167 104 
1 0 0 0 0 0 0 19.7333 103 
1 0 0 0 0 0 0 19.7500 102 
1 0 0 0 0 0 0 19.7667 105 
1 0 0 0 0 0 0 19.8000 102 
1 0 0 0 0 0 0 19.8167 103 
1 0 0 0 0 0 0 19.8333 102 
1 0 0 0 0 0 0 19.8500 100 
1 0 0 0 0 0 0 19.8833 99 
1 0 0 0 0 0 0 19.9000 102 
1 0 0 0 0 0 0 19.9167 104 
1 0 0 0 0 0 0 19.9500 108 
1 0 0 0 0 0 0 19.9833 110 
1 0 0 0 0 0 0 20.0333 108 
1 0 0 0 0 0 0 20.0500 109 
1 0 0 0 0 0 0 20.0667 110 
1 0 0 0 0 0 0 20.1333 109 
1 0 0 0 0 0 0 20.3333 100 
1 0 0 0 0 0 0 20.3500 102 
1 0 0 0 0 0 0 20.3667 103 
1 0 0 0 0 0 0 20.4000 100 
1 0 0 0 0 0 0 20.4167 102 
1 0 0 0 0 0 0 20.4333 100 
1 0 0 0 0 0 0 20.4500 96 
1 0 0 0 0 0 0 20.4667 93 
1 0 0 0 0 0 0 20.5000 92 
1 0 0 0 0 0 0 20.5333 90 
1 0 0 0 0 0 0 20.5667 91 
1 0 0 0 0 0 0 20.6333 90 
1 0 0 0 0 0 0 20.6500 88 
1 0 0 0 0 0 0 20.6833 90 
1 0 0 0 0 0 0 20.7000 87 
1 0 0 0 0 0 0 20.7167 88 
1 0 0 0 0 0 0 20.7333 90 
1 0 0 0 0 0 0 20.7667 87 
1 0 0 0 0 0 0 20.8000 87 
1 0 0 0 0 0 0 20.8833 85 
1 0 0 0 0 0 0 20.9000 84 
1 0 0 0 0 0 0 20.9167 81 
1 0 0 0 0 0 0 20.9333 80 
1 0 0 0 0 0 0 20.9500 81 
1 0 0 0 0 0 0 20.9833 85 
1 0 0 0 0 0 0 21.0000 88 
1 0 0 0 0 0 0 21.0167 91 
1 0 0 0 0 0 0 21.1000 87 
1 0 0 0 0 0 0 21.1333 86 
1 0 0 0 0 0 0 21.1500 85 
1 0 0 0 0 0 0 21.1667 84 
1 0 0 0 0 0 0 21.1833 82 
1 0 0 0 0 0 0 21.2000 84 
1 0 0 0 0 0 0 21.2167 80 
1 0 0 0 0 0 0 21.2333 81 
1 0 0 0 0 0 0 21.3000 79 
1 0 0 0 0 0 0 21.3500 86 
1 0 0 0 0 0 0 21.3667 90 
1 0 0 0 0 0 0 21.3833 92 
1 0 0 0 0 0 0 21.4000 93 
1 0 0 0 0 0 0 21.4667 91 
1 0 0 0 0 0 0 21.4833 90 
1 0 0 0 0 0 0 21.5000 93 
1 0 0 0 0 0 0 21.5167 96 
1 0 0 0 0 0 0 21.5500 97 
1 0 0 0 0 0 0 21.6333 99 
1 0 0 0 0 0 0 21.7000 98 
1 0 0 0 0 0 0 21.7167 99 
1 0 0 0 0 0 0 21.7333 100 
1 0 0 0 0 0 0 21.7667 98 
1 0 0 0 0 0 0 21.8000 99 
1 0 0 0 0 0 0 21.8333 97 
1 0 0 0 0 0 0 21.8500 96 
1 0 0 0 0 0 0 21.8833 94 
1 0 0 0 0 0 0 21.9167 91 
1 0 0 0 0 0 0 21.9333 90 
1 0 0 0 0 0 0 21.9500 88 
1 0 0 0 0 0 0 21.9833 87 
1 0 0 0 0 0 0 22.0167 88 
1 0 0 0 0 0 0 22.0333 87 
1 0 0 0 0 0 0 22.0500 86 
1 0 0 0 0 0 0 22.0833 86 
1 0 0 0 0 0 0 22.1333 84 
1 0 0 0 0 0 0 22.1667 79 
1 0 0 0 0 0 0 22.2000 76 
1 0 0 0 0 0 0 22.2167 75 
1 0 0 0 0 0 0 22.2500 70 
1 0 0 0 0 0 0 22.2667 69 
1 0 0 0 0 0 0 22.3167 68 
1 0 0 0 0 0 0 22.3500 63 
1 0 0 0 0 0 0 22.3667 61 
1 0 0 0 0 0 0 22.3833 0 
1 0 0 0 0 0 0 22.4333 0 
1 0 0 0 0 0 0 22.6000 1 
1 0 0 0 0 0 0 22.6833 0 
1 0 0 0 0 0 0 22.7333 1 
1 0 0 0 0 0 0 23.1833 0 
1 0 0 0 0 0 0 23.4333 0 
1 0 0 0 0 0 0 23.4667 1 
1 0 0 0 0 0 0 23.6833 0 
1 0 0 0 0 0 0 23.7500 1 
1 0 0 0 0 0 0 23.9333 1 
0 1 0 0 0 0 0 0.0000 0 
0 1 0 0 0 0 0 0.0167 1 
0 1 0 0 0 0 0 0.1333 0 
0 1 0 0 0 0 0 0.5833 0 
0 1 0 0 0 0 0 0.6000 1 
0 1 0 0 0 0 0 0.6167 0 
0 1 0 0 0 0 0 0.6333 1 
0 1 0 0 0 0 0 0.7500 0 
0 1 0 0 0 0 0 0.9833 0 
0 1 0 0 0 0 0 1.0167 1 
0 1 0 0 0 0 0 1.1833 0 
0 1 0 0 0 0 0 1.4167 0 
0 1 0 0 0 0 0 1.4333 1 
0 1 0 0 0 0 0 1.4500 2 
0 1 0 0 0 0 0 1.4833 1 
0 1 0 0 0 0 0 1.5000 0 
0 1 0 0 0 0 0 1.5667 1 
0 1 0 0 0 0 0 1.7167 1 
0 1 0 0 0 0 0 6.1667 2 
0 1 0 0 0 0 0 6.5000 3 
0 1 0 0 0 0 0 6.5167 6 
0 1 0 0 0 0 0 6.5333 7 
0 1 0 0 0 0 0 6.5500 10 
0 1 0 0 0 0 0 6.5667 15 
0 1 0 0 0 0 0 6.6169 21 
0 1 0 0 0 0 0 6.6333 27 
0 1 0 0 0 0 0 6.6833 33 
0 1 0 0 0 0 0 6.7667 38 
0 1 0 0 0 0 0 6.7833 39 
0 1 0 0 0 0 0 6.8167 42 
0 1 0 0 0 0 0 6.8667 44 
0 1 0 0 0 0 0 6.8833 45 
0 1 0 0 0 0 0 6.9000 46 
0 1 0 0 0 0 0 6.9167 49 
0 1 0 0 0 0 0 6.9833 51 
0 1 0 0 0 0 0 7.0500 55 
0 1 0 0 0 0 0 7.0667 56 
0 1 0 0 0 0 0 7.1000 57 
0 1 0 0 0 0 0 7.1167 58 
0 1 0 0 0 0 0 7.1500 61 
0 1 0 0 0 0 0 7.1667 63 
0 1 0 0 0 0 0 7.2000 67 
0 1 0 0 0 0 0 7.2167 64 
0 1 0 0 0 0 0 7.2500 63 
0 1 0 0 0 0 0 7.3167 66 
0 1 0 0 0 0 0 7.3333 68 
0 1 0 0 0 0 0 7.3667 69 
0 1 0 0 0 0 0 7.4000 72 
0 1 0 0 0 0 0 7.4167 73 
0 1 0 0 0 0 0 7.4667 74 
0 1 0 0 0 0 0 7.4833 70 
0 1 0 0 0 0 0 7.5000 69 
0 1 0 0 0 0 0 7.5167 72 
0 1 0 0 0 0 0 7.6833 70 
0 1 0 0 0 0 0 7.7000 69 
0 1 0 0 0 0 0 7.7167 66 
0 1 0 0 0 0 0 7.7333 64 
0 1 0 0 0 0 0 7.8000 68 
0 1 0 0 0 0 0 7.8333 69 
0 1 0 0 0 0 0 7.8667 70 
0 1 0 0 0 0 0 7.8833 73 
0 1 0 0 0 0 0 7.9500 72 
0 1 0 0 0 0 0 7.9833 66 
0 1 0 0 0 0 0 8.0000 68 
0 1 0 0 0 0 0 8.0333 67 
0 1 0 0 0 0 0 8.0500 69 
0 1 0 0 0 0 0 8.1000 70 
0 1 0 0 0 0 0 8.1167 74 
0 1 0 0 0 0 0 8.1333 75 
0 1 0 0 0 0 0 8.2333 75 
0 1 0 0 0 0 0 8.2667 74 
0 1 0 0 0 0 0 8.3000 66 
0 1 0 0 0 0 0 8.3167 67 
0 1 0 0 0 0 0 8.3333 64 
0 1 0 0 0 0 0 8.3500 67 
0 1 0 0 0 0 0 8.3833 69 
0 1 0 0 0 0 0 8.4000 67 
0 1 0 0 0 0 0 8.4500 69 
0 1 0 0 0 0 0 8.4667 68 
0 1 0 0 0 0 0 8.4833 67 
0 1 0 0 0 0 0 8.6167 62 
0 1 0 0 0 0 0 8.6333 58 
0 1 0 0 0 0 0 8.6500 60 
0 1 0 0 0 0 0 8.6833 61 
0 1 0 0 0 0 0 8.7167 62 
0 1 0 0 0 0 0 8.7667 66 
0 1 0 0 0 0 0 8.8000 63 
0 1 0 0 0 0 0 8.9333 64 
0 1 0 0 0 0 0 8.9500 57 
0 1 0 0 0 0 0 8.9833 57 
0 1 0 0 0 0 0 9.0000 56 
0 1 0 0 0 0 0 9.0167 57 
0 1 0 0 0 0 0 9.0333 55 
0 1 0 0 0 0 0 9.0833 62 
0 1 0 0 0 0 0 9.1500 64 
0 1 0 0 0 0 0 9.1667 68 
0 1 0 0 0 0 0 9.1833 69 
0 1 0 0 0 0 0 9.2000 72 
0 1 0 0 0 0 0 9.2333 78 
0 1 0 0 0 0 0 9.2500 79 
0 1 0 0 0 0 0 9.2833 82 
0 1 0 0 0 0 0 9.3333 82 
0 1 0 0 0 0 0 9.3500 85 
0 1 0 0 0 0 0 9.3667 86 
0 1 0 0 0 0 0 9.3833 90 
0 1 0 0 0 0 0 9.4000 87 
0 1 0 0 0 0 0 9.4167 84 
0 1 0 0 0 0 0 9.4500 87 
0 1 0 0 0 0 0 9.4667 90 
0 1 0 0 0 0 0 9.5167 99 
0 1 0 0 0 0 0 9.5333 103 
0 1 0 0 0 0 0 9.5500 102 
0 1 0 0 0 0 0 9.5667 104 
0 1 0 0 0 0 0 9.5833 103 
0 1 0 0 0 0 0 9.6000 104 
0 1 0 0 0 0 0 9.6167 103 
0 1 0 0 0 0 0 9.6500 105 
0 1 0 0 0 0 0 9.7833 102 
0 1 0 0 0 0 0 9.8500 93 
0 1 0 0 0 0 0 9.8833 94 
0 1 0 0 0 0 0 9.9000 96 
0 1 0 0 0 0 0 9.9167 94 
0 1 0 0 0 0 0 9.9500 96 
0 1 0 0 0 0 0 9.9667 97 
0 1 0 0 0 0 0 9.9833 99 
0 1 0 0 0 0 0 10.0667 96 
0 1 0 0 0 0 0 10.0833 98 
0 1 0 0 0 0 0 10.1000 99 
0 1 0 0 0 0 0 10.1167 103 
0 1 0 0 0 0 0 10.1333 104 
0 1 0 0 0 0 0 10.1500 103 
0 1 0 0 0 0 0 10.1667 102 
0 1 0 0 0 0 0 10.1833 103 
0 1 0 0 0 0 0 10.2333 100 
0 1 0 0 0 0 0 10.3169 102 
0 1 0 0 0 0 0 10.3333 103 
0 1 0 0 0 0 0 10.3500 105 
0 1 0 0 0 0 0 10.3833 106 
0 1 0 0 0 0 0 10.4000 108 
0 1 0 0 0 0 0 10.4167 106 
0 1 0 0 0 0 0 10.4833 105 
0 1 0 0 0 0 0 10.5667 93 
0 1 0 0 0 0 0 10.5833 92 
0 1 0 0 0 0 0 10.6500 84 
0 1 0 0 0 0 0 10.6667 82 
0 1 0 0 0 0 0 10.6833 80 
0 1 0 0 0 0 0 10.7000 79 
0 1 0 0 0 0 0 10.7167 78 
0 1 0 0 0 0 0 10.7333 81 
0 1 0 0 0 0 0 10.8167 82 
0 1 0 0 0 0 0 10.8333 84 
0 1 0 0 0 0 0 10.8667 87 
0 1 0 0 0 0 0 10.9333 90 
0 1 0 0 0 0 0 10.9500 92 
0 1 0 0 0 0 0 10.9667 94 
0 1 0 0 0 0 0 10.9833 96 
0 1 0 0 0 0 0 11.0000 94 
0 1 0 0 0 0 0 11.0167 97 
0 1 0 0 0 0 0 11.0333 98 
0 1 0 0 0 0 0 11.0667 103 
0 1 0 0 0 0 0 11.0833 104 
0 1 0 0 0 0 0 11.1167 81 
0 1 0 0 0 0 0 11.1333 63 
0 1 0 0 0 0 0 11.1667 66 
0 1 0 0 0 0 0 11.1833 64 
0 1 0 0 0 0 0 11.2000 67 
0 1 0 0 0 0 0 11.2333 66 
0 1 0 0 0 0 0 11.2833 68 
0 1 0 0 0 0 0 11.3000 69 
0 1 0 0 0 0 0 11.3500 66 
0 1 0 0 0 0 0 11.3833 68 
0 1 0 0 0 0 0 11.4333 69 
0 1 0 0 0 0 0 11.4500 67 
0 1 0 0 0 0 0 11.4667 69 
0 1 0 0 0 0 0 11.4833 70 
0 1 0 0 0 0 0 11.5500 70 
0 1 0 0 0 0 0 11.5667 73 
0 1 0 0 0 0 0 11.5833 74 
0 1 0 0 0 0 0 11.6000 73 
0 1 0 0 0 0 0 11.7167 76 
0 1 0 0 0 0 0 11.7333 78 
0 1 0 0 0 0 0 11.7500 75 
0 1 0 0 0 0 0 11.7667 72 
0 1 0 0 0 0 0 11.8000 68 
0 1 0 0 0 0 0 11.8333 69 
0 1 0 0 0 0 0 11.8667 68 
0 1 0 0 0 0 0 11.8833 66 
0 1 0 0 0 0 0 11.9000 67 
0 1 0 0 0 0 0 11.9333 64 
0 1 0 0 0 0 0 11.9500 66 
0 1 0 0 0 0 0 11.9667 67 
0 1 0 0 0 0 0 12.0000 60 
0 1 0 0 0 0 0 12.0333 62 
0 1 0 0 0 0 0 12.0500 63 
0 1 0 0 0 0 0 12.0667 58 
0 1 0 0 0 0 0 12.0833 60 
0 1 0 0 0 0 0 12.1167 58 
0 1 0 0 0 0 0 12.2333 56 
0 1 0 0 0 0 0 12.2500 57 
0 1 0 0 0 0 0 12.3000 57 
0 1 0 0 0 0 0 12.3833 60 
0 1 0 0 0 0 0 12.4167 57 
0 1 0 0 0 0 0 12.4333 56 
0 1 0 0 0 0 0 12.4500 57 
0 1 0 0 0 0 0 12.5167 56 
0 1 0 0 0 0 0 12.5333 54 
0 1 0 0 0 0 0 12.5667 57 
0 1 0 0 0 0 0 12.6500 57 
0 1 0 0 0 0 0 12.6667 56 
0 1 0 0 0 0 0 12.7000 55 
0 1 0 0 0 0 0 12.7167 54 
0 1 0 0 0 0 0 12.7333 52 
0 1 0 0 0 0 0 12.7667 51 
0 1 0 0 0 0 0 12.7833 55 
0 1 0 0 0 0 0 12.8000 54 
0 1 0 0 0 0 0 12.9000 50 
0 1 0 0 0 0 0 12.9167 46 
0 1 0 0 0 0 0 12.9333 43 
0 1 0 0 0 0 0 12.9667 40 
0 1 0 0 0 0 0 12.9833 39 
0 1 0 0 0 0 0 13.0333 42 
0 1 0 0 0 0 0 13.0667 43 
0 1 0 0 0 0 0 13.1333 45 
0 1 0 0 0 0 0 13.1667 44 
0 1 0 0 0 0 0 13.2500 42 
0 1 0 0 0 0 0 13.2667 43 
0 1 0 0 0 0 0 13.2833 45 
0 1 0 0 0 0 0 13.3167 46 
0 1 0 0 0 0 0 13.3500 45 
0 1 0 0 0 0 0 13.3667 46 
0 1 0 0 0 0 0 13.3833 48 
0 1 0 0 0 0 0 13.4000 46 
0 1 0 0 0 0 0 13.4333 48 
0 1 0 0 0 0 0 13.4833 51 
0 1 0 0 0 0 0 13.5000 50 
0 1 0 0 0 0 0 13.5167 51 
0 1 0 0 0 0 0 13.6000 50 
0 1 0 0 0 0 0 13.6167 49 
0 1 0 0 0 0 0 13.6333 50 
0 1 0 0 0 0 0 13.6667 48 
0 1 0 0 0 0 0 13.6833 45 
0 1 0 0 0 0 0 13.7167 45 
0 1 0 0 0 0 0 13.7833 43 
0 1 0 0 0 0 0 13.8167 45 
0 1 0 0 0 0 0 13.8333 44 
0 1 0 0 0 0 0 13.8500 43 
0 1 0 0 0 0 0 13.8667 42 
0 1 0 0 0 0 0 13.8833 39 
0 1 0 0 0 0 0 13.9500 42 
0 1 0 0 0 0 0 14.0167 46 
0 1 0 0 0 0 0 14.0333 48 
0 1 0 0 0 0 0 14.0667 50 
0 1 0 0 0 0 0 14.0833 49 
0 1 0 0 0 0 0 14.1000 51 
0 1 0 0 0 0 0 14.1333 50 
0 1 0 0 0 0 0 14.1667 49 
0 1 0 0 0 0 0 14.1833 50 
0 1 0 0 0 0 0 14.2500 52 
0 1 0 0 0 0 0 14.2667 55 
0 1 0 0 0 0 0 14.2833 57 
0 1 0 0 0 0 0 14.3833 52 
0 1 0 0 0 0 0 14.4000 55 
0 1 0 0 0 0 0 14.4167 56 
0 1 0 0 0 0 0 14.4333 57 
0 1 0 0 0 0 0 14.4500 58 
0 1 0 0 0 0 0 14.5000 60 
0 1 0 0 0 0 0 14.5500 61 
0 1 0 0 0 0 0 14.5833 62 
0 1 0 0 0 0 0 14.6167 69 
0 1 0 0 0 0 0 14.6500 73 
0 1 0 0 0 0 0 14.6667 70 
0 1 0 0 0 0 0 14.7000 72 
0 1 0 0 0 0 0 14.7167 70 
0 1 0 0 0 0 0 14.7833 67 
0 1 0 0 0 0 0 14.8000 66 
0 1 0 0 0 0 0 14.8167 64 
0 1 0 0 0 0 0 14.8500 63 
0 1 0 0 0 0 0 14.8667 61 
0 1 0 0 0 0 0 14.9000 60 
0 1 0 0 0 0 0 14.9167 58 
0 1 0 0 0 0 0 14.9333 57 
0 1 0 0 0 0 0 15.0000 52 
0 1 0 0 0 0 0 15.0500 55 
0 1 0 0 0 0 0 15.0833 56 
0 1 0 0 0 0 0 15.1000 60 
0 1 0 0 0 0 0 15.1167 63 
0 1 0 0 0 0 0 15.1500 62 
0 1 0 0 0 0 0 15.2167 62 
0 1 0 0 0 0 0 15.2333 63 
0 1 0 0 0 0 0 15.3167 66 
0 1 0 0 0 0 0 15.3500 63 
0 1 0 0 0 0 0 15.3667 64 
0 1 0 0 0 0 0 15.3833 63 
0 1 0 0 0 0 0 15.4000 67 
0 1 0 0 0 0 0 15.4167 66 
0 1 0 0 0 0 0 15.4333 76 
0 1 0 0 0 0 0 15.4833 79 
0 1 0 0 0 0 0 15.5500 81 
0 1 0 0 0 0 0 15.5667 80 
0 1 0 0 0 0 0 15.6000 79 
0 1 0 0 0 0 0 15.6500 81 
0 1 0 0 0 0 0 15.6667 80 
0 1 0 0 0 0 0 15.7000 79 
0 1 0 0 0 0 0 15.7333 81 
0 1 0 0 0 0 0 15.7500 82 
0 1 0 0 0 0 0 15.9167 82 
0 1 0 0 0 0 0 15.9333 81 
0 1 0 0 0 0 0 15.9500 79 
0 1 0 0 0 0 0 15.9667 80 
0 1 0 0 0 0 0 15.9833 78 
0 1 0 0 0 0 0 16.0000 81 
0 1 0 0 0 0 0 16.0833 79 
0 1 0 0 0 0 0 16.1000 80 
0 1 0 0 0 0 0 16.1167 78 
0 1 0 0 0 0 0 16.1667 78 
0 1 0 0 0 0 0 16.1833 79 
0 1 0 0 0 0 0 16.2000 81 
0 1 0 0 0 0 0 16.2500 80 
0 1 0 0 0 0 0 16.2833 78 
0 1 0 0 0 0 0 16.3000 80 
0 1 0 0 0 0 0 16.3167 81 
0 1 0 0 0 0 0 16.3333 82 
0 1 0 0 0 0 0 16.3833 81 
0 1 0 0 0 0 0 16.4333 86 
0 1 0 0 0 0 0 16.4667 84 
0 1 0 0 0 0 0 16.5167 82 
0 1 0 0 0 0 0 16.5333 81 
0 1 0 0 0 0 0 16.5500 85 
0 1 0 0 0 0 0 16.5833 84 
0 1 0 0 0 0 0 16.6000 82 
0 1 0 0 0 0 0 16.6167 81 
0 1 0 0 0 0 0 16.6500 81 
0 1 0 0 0 0 0 16.6833 86 
0 1 0 0 0 0 0 16.7167 87 
0 1 0 0 0 0 0 16.7333 86 
0 1 0 0 0 0 0 16.7500 87 
0 1 0 0 0 0 0 16.8333 86 
0 1 0 0 0 0 0 16.8500 84 
0 1 0 0 0 0 0 16.8667 86 
0 1 0 0 0 0 0 16.9333 88 
0 1 0 0 0 0 0 16.9500 90 
0 1 0 0 0 0 0 16.9833 86 
0 1 0 0 0 0 0 17.0167 88 
0 1 0 0 0 0 0 17.0333 87 
0 1 0 0 0 0 0 17.0500 88 
0 1 0 0 0 0 0 17.0667 90 
0 1 0 0 0 0 0 17.0833 87 
0 1 0 0 0 0 0 17.1167 90 
0 1 0 0 0 0 0 17.1333 88 
0 1 0 0 0 0 0 17.1500 87 
0 1 0 0 0 0 0 17.1833 87 
0 1 0 0 0 0 0 17.2000 88 
0 1 0 0 0 0 0 17.2167 87 
0 1 0 0 0 0 0 17.2333 88 
0 1 0 0 0 0 0 17.2500 90 
0 1 0 0 0 0 0 17.3000 97 
0 1 0 0 0 0 0 17.3167 96 
0 1 0 0 0 0 0 17.3500 94 
0 1 0 0 0 0 0 17.3667 93 
0 1 0 0 0 0 0 17.4003 96 
0 1 0 0 0 0 0 17.4167 94 
0 1 0 0 0 0 0 17.4333 93 
0 1 0 0 0 0 0 17.4500 94 
0 1 0 0 0 0 0 17.4833 105 
0 1 0 0 0 0 0 17.5000 110 
0 1 0 0 0 0 0 17.5167 109 
0 1 0 0 0 0 0 17.5500 90 
0 1 0 0 0 0 0 17.5667 87 
0 1 0 0 0 0 0 17.6167 85 
0 1 0 0 0 0 0 17.6333 84 
0 1 0 0 0 0 0 17.6500 81 
0 1 0 0 0 0 0 17.6833 82 
0 1 0 0 0 0 0 17.7000 84 
0 1 0 0 0 0 0 17.7167 81 
0 1 0 0 0 0 0 17.7333 78 
0 1 0 0 0 0 0 17.7500 75 
0 1 0 0 0 0 0 17.7667 74 
0 1 0 0 0 0 0 17.8000 72 
0 1 0 0 0 0 0 17.8167 73 
0 1 0 0 0 0 0 17.8667 69 
0 1 0 0 0 0 0 17.8833 67 
0 1 0 0 0 0 0 17.9000 69 
0 1 0 0 0 0 0 17.9500 70 
0 1 0 0 0 0 0 17.9667 73 
0 1 0 0 0 0 0 18.0000 70 
0 1 0 0 0 0 0 18.0333 74 
0 1 0 0 0 0 0 18.1167 70 
0 1 0 0 0 0 0 18.1667 75 
0 1 0 0 0 0 0 18.2333 74 
0 1 0 0 0 0 0 18.2667 73 
0 1 0 0 0 0 0 18.2833 70 
0 1 0 0 0 0 0 18.3000 73 
0 1 0 0 0 0 0 18.3167 70 
0 1 0 0 0 0 0 18.3333 69 
0 1 0 0 0 0 0 18.3500 68 
0 1 0 0 0 0 0 18.4167 66 
0 1 0 0 0 0 0 18.4333 67 
0 1 0 0 0 0 0 18.4500 66 
0 1 0 0 0 0 0 18.4667 67 
0 1 0 0 0 0 0 18.5000 64 
0 1 0 0 0 0 0 18.5167 66 
0 1 0 0 0 0 0 18.5333 67 
0 1 0 0 0 0 0 18.5500 64 
0 1 0 0 0 0 0 18.5667 67 
0 1 0 0 0 0 0 18.6000 66 
0 1 0 0 0 0 0 18.6167 70 
0 1 0 0 0 0 0 18.6333 74 
0 1 0 0 0 0 0 18.6500 75 
0 1 0 0 0 0 0 18.6667 81 
0 1 0 0 0 0 0 18.7500 80 
0 1 0 0 0 0 0 18.7667 78 
0 1 0 0 0 0 0 18.7833 86 
0 1 0 0 0 0 0 18.8000 88 
0 1 0 0 0 0 0 18.9167 87 
0 1 0 0 0 0 0 18.9333 85 
0 1 0 0 0 0 0 18.9500 87 
0 1 0 0 0 0 0 18.9833 86 
0 1 0 0 0 0 0 19.0000 87 
0 1 0 0 0 0 0 19.0500 88 
0 1 0 0 0 0 0 19.0833 87 
0 1 0 0 0 0 0 19.1000 88 
0 1 0 0 0 0 0 19.1333 81 
0 1 0 0 0 0 0 19.1667 79 
0 1 0 0 0 0 0 19.2000 78 
0 1 0 0 0 0 0 19.2167 75 
0 1 0 0 0 0 0 19.2333 74 
0 1 0 0 0 0 0 19.2500 76 
0 1 0 0 0 0 0 19.2667 74 
0 1 0 0 0 0 0 19.3000 75 
0 1 0 0 0 0 0 19.3500 73 
0 1 0 0 0 0 0 19.3667 74 
0 1 0 0 0 0 0 19.4333 72 
0 1 0 0 0 0 0 19.4500 70 
0 1 0 0 0 0 0 19.4667 68 
0 1 0 0 0 0 0 19.4833 69 
0 1 0 0 0 0 0 19.5167 70 
0 1 0 0 0 0 0 19.5333 72 
0 1 0 0 0 0 0 19.5667 72 
0 1 0 0 0 0 0 19.5833 74 
0 1 0 0 0 0 0 19.6000 75 
0 1 0 0 0 0 0 19.6500 76 
0 1 0 0 0 0 0 19.6667 75 
0 1 0 0 0 0 0 19.6833 74 
0 1 0 0 0 0 0 19.7000 75 
0 1 0 0 0 0 0 19.7333 76 
0 1 0 0 0 0 0 19.7667 74 
0 1 0 0 0 0 0 19.7833 75 
0 1 0 0 0 0 0 19.8000 72 
0 1 0 0 0 0 0 19.8167 74 
0 1 0 0 0 0 0 19.8500 76 
0 1 0 0 0 0 0 19.8667 80 
0 1 0 0 0 0 0 19.8833 79 
0 1 0 0 0 0 0 19.9000 84 
0 1 0 0 0 0 0 19.9500 88 
0 1 0 0 0 0 0 19.9833 92 
0 1 0 0 0 0 0 20.0000 91 
0 1 0 0 0 0 0 20.0167 93 
0 1 0 0 0 0 0 20.0333 94 
0 1 0 0 0 0 0 20.0833 98 
0 1 0 0 0 0 0 20.1000 96 
0 1 0 0 0 0 0 20.1167 98 
0 1 0 0 0 0 0 20.2000 100 
0 1 0 0 0 0 0 20.2167 97 
0 1 0 0 0 0 0 20.2500 99 
0 1 0 0 0 0 0 20.2833 97 
0 1 0 0 0 0 0 20.3000 94 
0 1 0 0 0 0 0 20.3167 97 
0 1 0 0 0 0 0 20.3667 98 
0 1 0 0 0 0 0 20.4000 96 
0 1 0 0 0 0 0 20.4333 99 
0 1 0 0 0 0 0 20.4500 100 
0 1 0 0 0 0 0 20.4667 99 
0 1 0 0 0 0 0 20.4833 100 
0 1 0 0 0 0 0 20.5000 99 
0 1 0 0 0 0 0 20.5500 97 
0 1 0 0 0 0 0 20.5667 94 
0 1 0 0 0 0 0 20.6000 93 
0 1 0 0 0 0 0 20.6333 93 
0 1 0 0 0 0 0 20.6500 88 
0 1 0 0 0 0 0 20.6833 92 
0 1 0 0 0 0 0 20.7000 93 
0 1 0 0 0 0 0 20.7333 91 
0 1 0 0 0 0 0 20.7667 93 
0 1 0 0 0 0 0 20.7833 96 
0 1 0 0 0 0 0 20.8000 93 
0 1 0 0 0 0 0 20.9333 90 
0 1 0 0 0 0 0 20.9500 88 
0 1 0 0 0 0 0 20.9667 85 
0 1 0 0 0 0 0 20.9833 84 
0 1 0 0 0 0 0 21.0000 88 
0 1 0 0 0 0 0 21.0167 90 
0 1 0 0 0 0 0 21.0333 91 
0 1 0 0 0 0 0 21.0500 90 
0 1 0 0 0 0 0 21.0667 92 
0 1 0 0 0 0 0 21.1000 92 
0 1 0 0 0 0 0 21.1167 93 
0 1 0 0 0 0 0 21.1333 91 
0 1 0 0 0 0 0 21.1500 94 
0 1 0 0 0 0 0 21.1667 97 
0 1 0 0 0 0 0 21.1833 94 
0 1 0 0 0 0 0 21.2000 96 
0 1 0 0 0 0 0 21.2167 94 
0 1 0 0 0 0 0 21.2333 98 
0 1 0 0 0 0 0 21.3333 103 
0 1 0 0 0 0 0 21.3500 102 
0 1 0 0 0 0 0 21.3667 103 
0 1 0 0 0 0 0 21.3833 104 
0 1 0 0 0 0 0 21.4000 103 
0 1 0 0 0 0 0 21.4167 102 
0 1 0 0 0 0 0 21.4333 99 
0 1 0 0 0 0 0 21.4667 96 
0 1 0 0 0 0 0 21.5000 97 
0 1 0 0 0 0 0 21.5500 90 
0 1 0 0 0 0 0 21.5833 91 
0 1 0 0 0 0 0 21.6000 92 
0 1 0 0 0 0 0 21.6167 88 
0 1 0 0 0 0 0 21.6333 91 
0 1 0 0 0 0 0 21.7167 90 
0 1 0 0 0 0 0 21.7333 92 
0 1 0 0 0 0 0 21.8000 92 
0 1 0 0 0 0 0 21.8500 87 
0 1 0 0 0 0 0 21.8833 85 
0 1 0 0 0 0 0 21.9000 81 
0 1 0 0 0 0 0 21.9500 80 
0 1 0 0 0 0 0 21.9667 78 
0 1 0 0 0 0 0 21.9833 76 
0 1 0 0 0 0 0 22.0000 75 
0 1 0 0 0 0 0 22.0667 75 
0 1 0 0 0 0 0 22.1000 73 
0 1 0 0 0 0 0 22.1167 70 
0 1 0 0 0 0 0 22.1500 69 
0 1 0 0 0 0 0 22.1833 68 
0 1 0 0 0 0 0 22.2000 63 
0 1 0 0 0 0 0 22.2333 0 
0 1 0 0 0 0 0 22.3667 2 
0 1 0 0 0 0 0 22.4667 1 
0 1 0 0 0 0 0 22.4833 0 
0 1 0 0 0 0 0 22.5333 1 
0 1 0 0 0 0 0 22.5500 0 
0 1 0 0 0 0 0 22.7667 2 
0 1 0 0 0 0 0 22.7833 1 
0 1 0 0 0 0 0 22.8333 2 
0 1 0 0 0 0 0 22.9000 1 
0 1 0 0 0 0 0 23.0833 1 
0 1 0 0 0 0 0 23.1167 2 
0 1 0 0 0 0 0 23.2667 1 
0 1 0 0 0 0 0 23.3000 2 
0 1 0 0 0 0 0 23.5167 1 
0 1 0 0 0 0 0 23.5667 4 
0 1 0 0 0 0 0 23.5833 3 
0 1 0 0 0 0 0 23.7333 2 
0 1 0 0 0 0 0 23.9500 2 
0 0 1 0 0 0 0 0.2333 3 
0 0 1 0 0 0 0 0.3000 2 
0 0 1 0 0 0 0 0.3333 3 
0 0 1 0 0 0 0 0.4833 2 
0 0 1 0 0 0 0 0.5167 3 
0 0 1 0 0 0 0 0.7167 2 
0 0 1 0 0 0 0 0.8333 1 
0 0 1 0 0 0 0 0.9333 1 
0 0 1 0 0 0 0 6.2833 3 
0 0 1 0 0 0 0 6.3333 2 
0 0 1 0 0 0 0 6.3500 1 
0 0 1 0 0 0 0 6.5167 2 
0 0 1 0 0 0 0 6.5333 4 
0 0 1 0 0 0 0 6.5500 13 
0 0 1 0 0 0 0 6.5833 15 
0 0 1 0 0 0 0 6.6333 21 
0 0 1 0 0 0 0 6.6500 25 
0 0 1 0 0 0 0 6.6667 27 
0 0 1 0 0 0 0 6.6833 28 
0 0 1 0 0 0 0 6.7000 30 
0 0 1 0 0 0 0 6.7333 28 
0 0 1 0 0 0 0 6.7833 30 
0 0 1 0 0 0 0 6.8000 31 
0 0 1 0 0 0 0 6.8500 36 
0 0 1 0 0 0 0 6.8833 39 
0 0 1 0 0 0 0 6.9000 40 
0 0 1 0 0 0 0 6.9167 43 
0 0 1 0 0 0 0 6.9333 40 
0 0 1 0 0 0 0 6.9500 45 
0 0 1 0 0 0 0 6.9833 48 
0 0 1 0 0 0 0 7.0333 49 
0 0 1 0 0 0 0 7.0500 50 
0 0 1 0 0 0 0 7.1000 52 
0 0 1 0 0 0 0 7.1167 54 
0 0 1 0 0 0 0 7.1333 52 
0 0 1 0 0 0 0 7.1500 54 
0 0 1 0 0 0 0 7.1833 56 
0 0 1 0 0 0 0 7.2167 55 
0 0 1 0 0 0 0 7.2333 56 
0 0 1 0 0 0 0 7.2500 55 
0 0 1 0 0 0 0 7.2667 52 
0 0 1 0 0 0 0 7.3500 55 
0 0 1 0 0 0 0 7.3667 57 
0 0 1 0 0 0 0 7.3833 58 
0 0 1 0 0 0 0 7.4333 57 
0 0 1 0 0 0 0 7.4500 58 
0 0 1 0 0 0 0 7.5167 57 
0 0 1 0 0 0 0 7.5500 58 
0 0 1 0 0 0 0 7.5667 57 
0 0 1 0 0 0 0 7.6167 54 
0 0 1 0 0 0 0 7.6500 54 
0 0 1 0 0 0 0 7.6667 55 
0 0 1 0 0 0 0 7.6833 54 
0 0 1 0 0 0 0 7.7167 55 
0 0 1 0 0 0 0 7.7500 54 
0 0 1 0 0 0 0 7.7667 55 
0 0 1 0 0 0 0 7.7833 54 
0 0 1 0 0 0 0 7.8167 56 
0 0 1 0 0 0 0 7.8333 51 
0 0 1 0 0 0 0 7.8833 51 
0 0 1 0 0 0 0 7.9000 50 
0 0 1 0 0 0 0 7.9167 51 
0 0 1 0 0 0 0 7.9333 49 
0 0 1 0 0 0 0 7.9667 48 
0 0 1 0 0 0 0 7.9833 45 
0 0 1 0 0 0 0 8.0167 48 
0 0 1 0 0 0 0 8.0333 46 
0 0 1 0 0 0 0 8.0500 45 
0 0 1 0 0 0 0 8.0833 43 
0 0 1 0 0 0 0 8.1000 44 
0 0 1 0 0 0 0 8.1167 45 
0 0 1 0 0 0 0 8.1667 46 
0 0 1 0 0 0 0 8.1833 48 
0 0 1 0 0 0 0 8.2167 44 
0 0 1 0 0 0 0 8.2333 45 
0 0 1 0 0 0 0 8.2833 40 
0 0 1 0 0 0 0 8.3000 39 
0 0 1 0 0 0 0 8.3833 38 
0 0 1 0 0 0 0 8.4000 37 
0 0 1 0 0 0 0 8.4167 34 
0 0 1 0 0 0 0 8.4333 36 
0 0 1 0 0 0 0 8.4667 31 
0 0 1 0 0 0 0 8.4833 32 
0 0 1 0 0 0 0 8.5000 31 
0 0 1 0 0 0 0 8.5167 30 
0 0 1 0 0 0 0 8.5333 32 
0 0 1 0 0 0 0 8.5667 33 
0 0 1 0 0 0 0 8.6000 32 
0 0 1 0 0 0 0 8.6167 33 
0 0 1 0 0 0 0 8.6667 38 
0 0 1 0 0 0 0 8.7000 34 
0 0 1 0 0 0 0 8.7167 38 
0 0 1 0 0 0 0 8.7667 39 
0 0 1 0 0 0 0 8.7833 40 
0 0 1 0 0 0 0 8.8000 42 
0 0 1 0 0 0 0 8.8833 42 
0 0 1 0 0 0 0 8.9000 39 
0 0 1 0 0 0 0 8.9833 42 
0 0 1 0 0 0 0 9.0000 44 
0 0 1 0 0 0 0 9.0167 45 
0 0 1 0 0 0 0 9.0333 46 
0 0 1 0 0 0 0 9.0500 45 
0 0 1 0 0 0 0 9.0667 50 
0 0 1 0 0 0 0 9.0833 51 
0 0 1 0 0 0 0 9.1167 51 
0 0 1 0 0 0 0 9.1500 51 
0 0 1 0 0 0 0 9.1833 50 
0 0 1 0 0 0 0 9.2167 49 
0 0 1 0 0 0 0 9.2333 51 
0 0 1 0 0 0 0 9.2667 54 
0 0 1 0 0 0 0 9.2833 52 
0 0 1 0 0 0 0 9.3000 55 
0 0 1 0 0 0 0 9.3500 56 
0 0 1 0 0 0 0 9.4167 60 
0 0 1 0 0 0 0 9.4333 58 
0 0 1 0 0 0 0 9.4500 57 
0 0 1 0 0 0 0 9.5333 55 
0 0 1 0 0 0 0 9.5500 56 
0 0 1 0 0 0 0 9.5667 55 
0 0 1 0 0 0 0 9.5833 54 
0 0 1 0 0 0 0 9.6000 52 
0 0 1 0 0 0 0 9.6167 51 
0 0 1 0 0 0 0 9.6833 51 
0 0 1 0 0 0 0 9.7167 54 
0 0 1 0 0 0 0 9.7833 52 
0 0 1 0 0 0 0 9.8000 51 
0 0 1 0 0 0 0 9.8167 50 
0 0 1 0 0 0 0 9.8500 49 
0 0 1 0 0 0 0 9.8667 45 
0 0 1 0 0 0 0 9.9000 46 
0 0 1 0 0 0 0 9.9167 45 
0 0 1 0 0 0 0 9.9667 49 
0 0 1 0 0 0 0 9.9833 52 
0 0 1 0 0 0 0 10.0000 54 
0 0 1 0 0 0 0 10.0167 52 
0 0 1 0 0 0 0 10.0500 51 
0 0 1 0 0 0 0 10.0667 52 
0 0 1 0 0 0 0 10.1000 54 
0 0 1 0 0 0 0 10.1167 55 
0 0 1 0 0 0 0 10.2000 57 
0 0 1 0 0 0 0 10.2333 52 
0 0 1 0 0 0 0 10.2500 55 
0 0 1 0 0 0 0 10.2667 57 
0 0 1 0 0 0 0 10.2833 58 
0 0 1 0 0 0 0 10.3333 57 
0 0 1 0 0 0 0 10.4500 56 
0 0 1 0 0 0 0 10.4667 57 
0 0 1 0 0 0 0 10.5667 57 
0 0 1 0 0 0 0 10.6000 56 
0 0 1 0 0 0 0 10.6500 58 
0 0 1 0 0 0 0 10.6667 57 
0 0 1 0 0 0 0 10.6833 56 
0 0 1 0 0 0 0 10.7333 55 
0 0 1 0 0 0 0 10.7500 54 
0 0 1 0 0 0 0 10.8000 51 
0 0 1 0 0 0 0 10.8667 51 
0 0 1 0 0 0 0 10.8833 49 
0 0 1 0 0 0 0 10.9000 48 
0 0 1 0 0 0 0 10.9333 45 
0 0 1 0 0 0 0 10.9667 44 
0 0 1 0 0 0 0 10.9833 45 
0 0 1 0 0 0 0 11.0000 49 
0 0 1 0 0 0 0 11.0167 52 
0 0 1 0 0 0 0 11.0667 51 
0 0 1 0 0 0 0 11.1167 52 
0 0 1 0 0 0 0 11.1333 55 
0 0 1 0 0 0 0 11.1500 56 
0 0 1 0 0 0 0 11.1833 63 
0 0 1 0 0 0 0 11.2000 67 
0 0 1 0 0 0 0 11.2167 68 
0 0 1 0 0 0 0 11.2333 70 
0 0 1 0 0 0 0 11.3167 75 
0 0 1 0 0 0 0 11.3667 74 
0 0 1 0 0 0 0 11.3833 73 
0 0 1 0 0 0 0 11.4000 70 
0 0 1 0 0 0 0 11.4167 73 
0 0 1 0 0 0 0 11.4667 73 
0 0 1 0 0 0 0 11.4833 76 
0 0 1 0 0 0 0 11.5000 75 
0 0 1 0 0 0 0 11.5333 78 
0 0 1 0 0 0 0 11.5667 76 
0 0 1 0 0 0 0 11.6167 75 
0 0 1 0 0 0 0 11.7000 74 
0 0 1 0 0 0 0 11.7333 72 
0 0 1 0 0 0 0 11.7500 73 
0 0 1 0 0 0 0 11.7833 73 
0 0 1 0 0 0 0 11.8000 70 
0 0 1 0 0 0 0 11.8833 68 
0 0 1 0 0 0 0 11.9000 66 
0 0 1 0 0 0 0 11.9333 62 
0 0 1 0 0 0 0 11.9500 63 
0 0 1 0 0 0 0 11.9833 61 
0 0 1 0 0 0 0 12.0167 57 
0 0 1 0 0 0 0 12.0333 55 
0 0 1 0 0 0 0 12.0667 54 
0 0 1 0 0 0 0 12.1167 51 
0 0 1 0 0 0 0 12.1333 50 
0 0 1 0 0 0 0 12.1833 49 
0 0 1 0 0 0 0 12.2000 48 
0 0 1 0 0 0 0 12.2167 46 
0 0 1 0 0 0 0 12.2333 49 
0 0 1 0 0 0 0 12.2500 46 
0 0 1 0 0 0 0 12.2833 49 
0 0 1 0 0 0 0 12.3667 51 
0 0 1 0 0 0 0 12.4500 49 
0 0 1 0 0 0 0 12.4833 48 
0 0 1 0 0 0 0 12.5000 46 
0 0 1 0 0 0 0 12.5167 45 
0 0 1 0 0 0 0 12.5500 48 
0 0 1 0 0 0 0 12.5667 46 
0 0 1 0 0 0 0 12.5833 44 
0 0 1 0 0 0 0 12.6167 45 
0 0 1 0 0 0 0 12.6667 49 
0 0 1 0 0 0 0 12.7000 51 
0 0 1 0 0 0 0 12.7833 49 
0 0 1 0 0 0 0 12.8167 48 
0 0 1 0 0 0 0 12.8500 46 
0 0 1 0 0 0 0 12.8833 45 
0 0 1 0 0 0 0 12.9000 44 
0 0 1 0 0 0 0 12.9333 43 
0 0 1 0 0 0 0 12.9500 45 
0 0 1 0 0 0 0 13.0833 51 
0 0 1 0 0 0 0 13.1000 49 
0 0 1 0 0 0 0 13.1333 51 
0 0 1 0 0 0 0 13.2167 52 
0 0 1 0 0 0 0 13.2333 54 
0 0 1 0 0 0 0 13.2500 55 
0 0 1 0 0 0 0 13.2667 54 
0 0 1 0 0 0 0 13.3667 56 
0 0 1 0 0 0 0 13.4000 62 
0 0 1 0 0 0 0 13.4333 62 
0 0 1 0 0 0 0 13.4500 63 
0 0 1 0 0 0 0 13.4667 62 
0 0 1 0 0 0 0 13.5167 63 
0 0 1 0 0 0 0 13.5500 62 
0 0 1 0 0 0 0 13.5667 58 
0 0 1 0 0 0 0 13.5833 60 
0 0 1 0 0 0 0 13.6333 57 
0 0 1 0 0 0 0 13.7000 55 
0 0 1 0 0 0 0 13.7667 51 
0 0 1 0 0 0 0 13.7833 52 
0 0 1 0 0 0 0 13.8000 55 
0 0 1 0 0 0 0 13.8333 54 
0 0 1 0 0 0 0 13.8500 55 
0 0 1 0 0 0 0 13.8667 56 
0 0 1 0 0 0 0 13.9333 56 
0 0 1 0 0 0 0 13.9833 60 
0 0 1 0 0 0 0 14.0167 61 
0 0 1 0 0 0 0 14.0500 58 
0 0 1 0 0 0 0 14.0667 61 
0 0 1 0 0 0 0 14.0833 58 
0 0 1 0 0 0 0 14.1167 57 
0 0 1 0 0 0 0 14.1667 58 
0 0 1 0 0 0 0 14.2000 63 
0 0 1 0 0 0 0 14.2333 66 
0 0 1 0 0 0 0 14.2500 67 
0 0 1 0 0 0 0 14.2667 69 
0 0 1 0 0 0 0 14.3000 73 
0 0 1 0 0 0 0 14.3167 70 
0 0 1 0 0 0 0 14.3833 69 
0 0 1 0 0 0 0 14.4000 68 
0 0 1 0 0 0 0 14.5500 70 
0 0 1 0 0 0 0 14.5667 69 
0 0 1 0 0 0 0 14.5833 72 
0 0 1 0 0 0 0 14.6000 70 
0 0 1 0 0 0 0 14.6167 72 
0 0 1 0 0 0 0 14.6667 75 
0 0 1 0 0 0 0 14.6833 74 
0 0 1 0 0 0 0 14.7000 76 
0 0 1 0 0 0 0 14.8000 78 
0 0 1 0 0 0 0 14.8167 76 
0 0 1 0 0 0 0 14.8333 81 
0 0 1 0 0 0 0 14.8500 85 
0 0 1 0 0 0 0 14.8833 87 
0 0 1 0 0 0 0 14.9000 86 
0 0 1 0 0 0 0 14.9333 84 
0 0 1 0 0 0 0 14.9500 86 
0 0 1 0 0 0 0 15.0000 81 
0 0 1 0 0 0 0 15.0167 79 
0 0 1 0 0 0 0 15.0333 80 
0 0 1 0 0 0 0 15.0500 81 
0 0 1 0 0 0 0 15.0667 79 
0 0 1 0 0 0 0 15.1000 81 
0 0 1 0 0 0 0 15.1167 80 
0 0 1 0 0 0 0 15.2000 80 
0 0 1 0 0 0 0 15.3167 80 
0 0 1 0 0 0 0 15.3333 79 
0 0 1 0 0 0 0 15.3500 82 
0 0 1 0 0 0 0 15.3667 81 
0 0 1 0 0 0 0 15.3833 82 
0 0 1 0 0 0 0 15.4000 81 
0 0 1 0 0 0 0 15.4333 80 
0 0 1 0 0 0 0 15.4667 81 
0 0 1 0 0 0 0 15.6167 80 
0 0 1 0 0 0 0 15.6500 81 
0 0 1 0 0 0 0 15.7000 80 
0 0 1 0 0 0 0 15.7167 81 
0 0 1 0 0 0 0 15.7333 78 
0 0 1 0 0 0 0 15.7833 79 
0 0 1 0 0 0 0 15.8000 80 
0 0 1 0 0 0 0 15.8500 81 
0 0 1 0 0 0 0 15.8833 82 
0 0 1 0 0 0 0 15.9167 82 
0 0 1 0 0 0 0 15.9333 84 
0 0 1 0 0 0 0 15.9667 82 
0 0 1 0 0 0 0 16.0000 84 
0 0 1 0 0 0 0 16.0167 81 
0 0 1 0 0 0 0 16.0333 79 
0 0 1 0 0 0 0 16.0500 80 
0 0 1 0 0 0 0 16.0667 79 
0 0 1 0 0 0 0 16.1167 78 
0 0 1 0 0 0 0 16.1833 76 
0 0 1 0 0 0 0 16.2167 81 
0 0 1 0 0 0 0 16.2333 82 
0 0 1 0 0 0 0 16.3167 81 
0 0 1 0 0 0 0 16.3667 82 
0 0 1 0 0 0 0 16.3833 81 
0 0 1 0 0 0 0 16.4667 79 
0 0 1 0 0 0 0 16.5000 84 
0 0 1 0 0 0 0 16.5333 81 
0 0 1 0 0 0 0 16.5667 79 
0 0 1 0 0 0 0 16.6000 81 
0 0 1 0 0 0 0 16.6333 82 
0 0 1 0 0 0 0 16.6503 85 
0 0 1 0 0 0 0 16.6833 81 
0 0 1 0 0 0 0 16.7000 82 
0 0 1 0 0 0 0 16.7167 81 
0 0 1 0 0 0 0 16.7500 75 
0 0 1 0 0 0 0 16.7667 81 
0 0 1 0 0 0 0 16.8000 78 
0 0 1 0 0 0 0 16.8167 80 
0 0 1 0 0 0 0 16.8333 79 
0 0 1 0 0 0 0 16.8500 81 
0 0 1 0 0 0 0 16.9000 82 
0 0 1 0 0 0 0 16.9167 81 
0 0 1 0 0 0 0 16.9500 81 
0 0 1 0 0 0 0 16.9833 76 
0 0 1 0 0 0 0 17.0167 78 
0 0 1 0 0 0 0 17.0500 81 
0 0 1 0 0 0 0 17.0667 84 
0 0 1 0 0 0 0 17.0833 82 
0 0 1 0 0 0 0 17.1167 81 
0 0 1 0 0 0 0 17.1333 80 
0 0 1 0 0 0 0 17.1667 79 
0 0 1 0 0 0 0 17.1833 76 
0 0 1 0 0 0 0 17.2000 75 
0 0 1 0 0 0 0 17.2667 73 
0 0 1 0 0 0 0 17.3000 78 
0 0 1 0 0 0 0 17.3167 75 
0 0 1 0 0 0 0 17.3667 80 
0 0 1 0 0 0 0 17.3833 82 
0 0 1 0 0 0 0 17.4167 85 
0 0 1 0 0 0 0 17.4500 84 
0 0 1 0 0 0 0 17.5000 81 
0 0 1 0 0 0 0 17.5167 84 
0 0 1 0 0 0 0 17.5333 82 
0 0 1 0 0 0 0 17.6000 84 
0 0 1 0 0 0 0 17.6167 82 
0 0 1 0 0 0 0 17.6333 86 
0 0 1 0 0 0 0 17.6833 86 
0 0 1 0 0 0 0 17.7333 85 
0 0 1 0 0 0 0 17.7500 87 
0 0 1 0 0 0 0 17.7667 90 
0 0 1 0 0 0 0 17.7833 88 
0 0 1 0 0 0 0 17.8000 90 
0 0 1 0 0 0 0 17.8333 90 
0 0 1 0 0 0 0 17.8500 92 
0 0 1 0 0 0 0 17.9000 91 
0 0 1 0 0 0 0 17.9167 90 
0 0 1 0 0 0 0 17.9333 88 
0 0 1 0 0 0 0 17.9500 86 
0 0 1 0 0 0 0 18.0000 87 
0 0 1 0 0 0 0 18.0167 90 
0 0 1 0 0 0 0 18.0333 91 
0 0 1 0 0 0 0 18.0833 91 
0 0 1 0 0 0 0 18.1500 92 
0 0 1 0 0 0 0 18.1667 93 
0 0 1 0 0 0 0 18.2167 94 
0 0 1 0 0 0 0 18.2333 92 
0 0 1 0 0 0 0 18.2500 93 
0 0 1 0 0 0 0 18.2667 92 
0 0 1 0 0 0 0 18.2833 91 
0 0 1 0 0 0 0 18.3167 90 
0 0 1 0 0 0 0 18.3833 85 
0 0 1 0 0 0 0 18.4000 82 
0 0 1 0 0 0 0 18.4167 81 
0 0 1 0 0 0 0 18.4333 79 
0 0 1 0 0 0 0 18.4500 80 
0 0 1 0 0 0 0 18.4833 76 
0 0 1 0 0 0 0 18.5000 75 
0 0 1 0 0 0 0 18.5167 69 
0 0 1 0 0 0 0 18.5333 67 
0 0 1 0 0 0 0 18.5667 63 
0 0 1 0 0 0 0 18.5833 62 
0 0 1 0 0 0 0 18.6000 61 
0 0 1 0 0 0 0 18.6333 58 
0 0 1 0 0 0 0 18.6500 56 
0 0 1 0 0 0 0 18.6667 54 
0 0 1 0 0 0 0 18.6833 56 
0 0 1 0 0 0 0 18.7000 55 
0 0 1 0 0 0 0 18.7167 54 
0 0 1 0 0 0 0 18.7833 58 
0 0 1 0 0 0 0 18.8167 60 
0 0 1 0 0 0 0 18.8333 62 
0 0 1 0 0 0 0 18.8667 63 
0 0 1 0 0 0 0 18.8833 64 
0 0 1 0 0 0 0 18.9000 66 
0 0 1 0 0 0 0 18.9333 69 
0 0 1 0 0 0 0 18.9833 70 
0 0 1 0 0 0 0 19.0167 72 
0 0 1 0 0 0 0 19.0500 69 
0 0 1 0 0 0 0 19.0667 72 
0 0 1 0 0 0 0 19.0833 70 
0 0 1 0 0 0 0 19.1333 68 
0 0 1 0 0 0 0 19.1667 66 
0 0 1 0 0 0 0 19.1833 69 
0 0 1 0 0 0 0 19.2667 73 
0 0 1 0 0 0 0 19.3000 74 
0 0 1 0 0 0 0 19.3167 75 
0 0 1 0 0 0 0 19.3667 79 
0 0 1 0 0 0 0 19.3833 76 
0 0 1 0 0 0 0 19.4000 78 
0 0 1 0 0 0 0 19.4333 79 
0 0 1 0 0 0 0 19.4667 76 
0 0 1 0 0 0 0 19.5167 81 
0 0 1 0 0 0 0 19.5500 81 
0 0 1 0 0 0 0 19.5667 82 
0 0 1 0 0 0 0 19.5833 81 
0 0 1 0 0 0 0 19.6167 80 
0 0 1 0 0 0 0 19.6333 78 
0 0 1 0 0 0 0 19.6500 79 
0 0 1 0 0 0 0 19.6667 76 
0 0 1 0 0 0 0 19.7000 78 
0 0 1 0 0 0 0 19.7500 79 
0 0 1 0 0 0 0 19.7667 81 
0 0 1 0 0 0 0 19.7833 84 
0 0 1 0 0 0 0 19.8000 81 
0 0 1 0 0 0 0 19.8333 84 
0 0 1 0 0 0 0 19.8500 85 
0 0 1 0 0 0 0 19.8833 84 
0 0 1 0 0 0 0 19.9000 82 
0 0 1 0 0 0 0 19.9500 87 
0 0 1 0 0 0 0 19.9833 85 
0 0 1 0 0 0 0 20.0167 82 
0 0 1 0 0 0 0 20.0333 80 
0 0 1 0 0 0 0 20.0500 81 
0 0 1 0 0 0 0 20.0833 80 
0 0 1 0 0 0 0 20.1000 79 
0 0 1 0 0 0 0 20.1167 81 
0 0 1 0 0 0 0 20.1500 79 
0 0 1 0 0 0 0 20.1833 78 
0 0 1 0 0 0 0 20.2167 81 
0 0 1 0 0 0 0 20.2500 80 
0 0 1 0 0 0 0 20.2667 81 
0 0 1 0 0 0 0 20.3000 84 
0 0 1 0 0 0 0 20.3333 84 
0 0 1 0 0 0 0 20.3500 85 
0 0 1 0 0 0 0 20.4000 86 
0 0 1 0 0 0 0 20.4167 85 
0 0 1 0 0 0 0 20.4667 84 
0 0 1 0 0 0 0 20.4833 80 
0 0 1 0 0 0 0 20.5000 78 
0 0 1 0 0 0 0 20.5333 79 
0 0 1 0 0 0 0 20.5500 80 
0 0 1 0 0 0 0 20.6000 81 
0 0 1 0 0 0 0 20.6333 76 
0 0 1 0 0 0 0 20.6500 73 
0 0 1 0 0 0 0 20.6833 70 
0 0 1 0 0 0 0 20.7000 72 
0 0 1 0 0 0 0 20.7333 73 
0 0 1 0 0 0 0 20.7500 72 
0 0 1 0 0 0 0 20.7667 70 
0 0 1 0 0 0 0 20.7833 69 
0 0 1 0 0 0 0 20.9000 70 
0 0 1 0 0 0 0 20.9333 72 
0 0 1 0 0 0 0 20.9667 70 
0 0 1 0 0 0 0 20.9833 68 
0 0 1 0 0 0 0 21.0000 64 
0 0 1 0 0 0 0 21.0167 63 
0 0 1 0 0 0 0 21.0333 64 
0 0 1 0 0 0 0 21.0500 63 
0 0 1 0 0 0 0 21.0667 67 
0 0 1 0 0 0 0 21.1500 68 
0 0 1 0 0 0 0 21.1667 67 
0 0 1 0 0 0 0 21.1833 68 
0 0 1 0 0 0 0 21.2000 67 
0 0 1 0 0 0 0 21.2167 69 
0 0 1 0 0 0 0 21.2667 70 
0 0 1 0 0 0 0 21.2833 73 
0 0 1 0 0 0 0 21.3167 72 
0 0 1 0 0 0 0 21.3500 75 
0 0 1 0 0 0 0 21.4167 76 
0 0 1 0 0 0 0 21.4333 74 
0 0 1 0 0 0 0 21.4667 75 
0 0 1 0 0 0 0 21.5000 76 
0 0 1 0 0 0 0 21.5167 75 
0 0 1 0 0 0 0 21.5667 74 
0 0 1 0 0 0 0 21.6000 72 
0 0 1 0 0 0 0 21.6500 73 
0 0 1 0 0 0 0 21.6833 75 
0 0 1 0 0 0 0 21.7333 72 
0 0 1 0 0 0 0 21.7500 69 
0 0 1 0 0 0 0 21.7833 64 
0 0 1 0 0 0 0 21.8000 63 
0 0 1 0 0 0 0 21.8333 62 
0 0 1 0 0 0 0 21.8500 63 
0 0 1 0 0 0 0 21.8667 64 
0 0 1 0 0 0 0 21.9500 62 
0 0 1 0 0 0 0 21.9833 61 
0 0 1 0 0 0 0 22.0167 63 
0 0 1 0 0 0 0 22.0500 62 
0 0 1 0 0 0 0 22.1000 61 
0 0 1 0 0 0 0 22.1500 60 
0 0 1 0 0 0 0 22.1667 57 
0 0 1 0 0 0 0 22.2167 56 
0 0 1 0 0 0 0 22.2833 54 
0 0 1 0 0 0 0 22.3167 0 
0 0 1 0 0 0 0 22.4000 1 
0 0 1 0 0 0 0 22.6167 1 
0 0 1 0 0 0 0 22.6333 0 
0 0 1 0 0 0 0 22.6667 1 
0 0 1 0 0 0 0 22.7667 0 
0 0 1 0 0 0 0 22.8000 1 
0 0 1 0 0 0 0 23.1000 1 
0 0 1 0 0 0 0 23.1333 0 
0 0 1 0 0 0 0 23.1500 1 
0 0 1 0 0 0 0 23.5833 0 
0 0 1 0 0 0 0 23.7833 0 
0 0 1 0 0 0 0 23.8336 1 
0 0 1 0 0 0 0 23.9833 0 
0 0 0 1 0 0 0 0.6000 1 
0 0 0 1 0 0 0 0.9000 1 
0 0 0 1 0 0 0 0.9500 2 
0 0 0 1 0 0 0 1.2167 1 
0 0 0 1 0 0 0 1.2333 2 
0 0 0 1 0 0 0 1.3000 1 
0 0 0 1 0 0 0 1.4667 1 
0 0 0 1 0 0 0 1.5167 0 
0 0 0 1 0 0 0 1.5500 2 
0 0 0 1 0 0 0 1.6833 2 
0 0 0 1 0 0 0 1.7667 1 
0 0 0 1 0 0 0 1.7833 2 
0 0 0 1 0 0 0 1.8000 1 
0 0 0 1 0 0 0 1.8167 2 
0 0 0 1 0 0 0 1.8667 1 
0 0 0 1 0 0 0 6.2167 1 
0 0 0 1 0 0 0 6.4833 3 
0 0 0 1 0 0 0 6.5333 12 
0 0 0 1 0 0 0 6.5500 15 
0 0 0 1 0 0 0 6.6333 20 
0 0 0 1 0 0 0 6.6667 21 
0 0 0 1 0 0 0 6.6833 25 
0 0 0 1 0 0 0 6.7333 27 
0 0 0 1 0 0 0 6.7667 28 
0 0 0 1 0 0 0 6.8333 31 
0 0 0 1 0 0 0 6.8667 33 
0 0 0 1 0 0 0 6.9333 34 
0 0 0 1 0 0 0 6.9667 32 
0 0 0 1 0 0 0 6.9833 34 
0 0 0 1 0 0 0 7.0000 37 
0 0 0 1 0 0 0 7.0167 38 
0 0 0 1 0 0 0 7.0333 39 
0 0 0 1 0 0 0 7.1167 42 
0 0 0 1 0 0 0 7.2167 45 
0 0 0 1 0 0 0 7.2333 46 
0 0 0 1 0 0 0 7.2667 48 
0 0 0 1 0 0 0 7.3167 51 
0 0 0 1 0 0 0 7.3500 54 
0 0 0 1 0 0 0 7.3667 52 
0 0 0 1 0 0 0 7.4000 54 
0 0 0 1 0 0 0 7.4167 51 
0 0 0 1 0 0 0 7.4667 52 
0 0 0 1 0 0 0 7.5833 50 
0 0 0 1 0 0 0 7.6167 51 
0 0 0 1 0 0 0 7.6333 57 
0 0 0 1 0 0 0 7.6500 56 
0 0 0 1 0 0 0 7.6667 57 
0 0 0 1 0 0 0 7.6833 58 
0 0 0 1 0 0 0 7.7167 57 
0 0 0 1 0 0 0 7.7333 56 
0 0 0 1 0 0 0 7.7667 57 
0 0 0 1 0 0 0 7.8333 51 
0 0 0 1 0 0 0 7.9167 50 
0 0 0 1 0 0 0 7.9500 45 
0 0 0 1 0 0 0 7.9833 43 
0 0 0 1 0 0 0 8.0333 40 
0 0 0 1 0 0 0 8.0667 43 
0 0 0 1 0 0 0 8.1167 44 
0 0 0 1 0 0 0 8.1333 43 
0 0 0 1 0 0 0 8.2000 44 
0 0 0 1 0 0 0 8.2667 46 
0 0 0 1 0 0 0 8.3167 45 
0 0 0 1 0 0 0 8.3333 46 
0 0 0 1 0 0 0 8.3500 48 
0 0 0 1 0 0 0 8.3667 46 
0 0 0 1 0 0 0 8.4000 45 
0 0 0 1 0 0 0 8.4167 48 
0 0 0 1 0 0 0 8.4667 46 
0 0 0 1 0 0 0 8.4833 45 
0 0 0 1 0 0 0 8.5333 48 
0 0 0 1 0 0 0 8.5667 49 
0 0 0 1 0 0 0 8.5833 48 
0 0 0 1 0 0 0 8.6000 45 
0 0 0 1 0 0 0 8.6167 46 
0 0 0 1 0 0 0 8.6333 45 
0 0 0 1 0 0 0 8.7333 44 
0 0 0 1 0 0 0 8.7500 43 
0 0 0 1 0 0 0 8.7667 42 
0 0 0 1 0 0 0 8.8500 39 
0 0 0 1 0 0 0 8.8833 36 
0 0 0 1 0 0 0 8.9167 39 
0 0 0 1 0 0 0 9.0333 42 
0 0 0 1 0 0 0 9.0667 43 
0 0 0 1 0 0 0 9.1167 40 
0 0 0 1 0 0 0 9.1333 39 
0 0 0 1 0 0 0 9.1667 40 
0 0 0 1 0 0 0 9.1833 42 
0 0 0 1 0 0 0 9.3833 42 
0 0 0 1 0 0 0 9.4000 43 
0 0 0 1 0 0 0 9.4167 48 
0 0 0 1 0 0 0 9.4333 49 
0 0 0 1 0 0 0 9.4667 46 
0 0 0 1 0 0 0 9.4833 45 
0 0 0 1 0 0 0 9.5000 49 
0 0 0 1 0 0 0 9.5167 51 
0 0 0 1 0 0 0 9.5333 52 
0 0 0 1 0 0 0 9.6167 54 
0 0 0 1 0 0 0 9.6333 55 
0 0 0 1 0 0 0 9.6500 54 
0 0 0 1 0 0 0 9.7000 56 
0 0 0 1 0 0 0 9.7167 54 
0 0 0 1 0 0 0 9.7667 52 
0 0 0 1 0 0 0 9.7833 51 
0 0 0 1 0 0 0 9.8667 50 
0 0 0 1 0 0 0 9.9167 49 
0 0 0 1 0 0 0 10.0000 48 
0 0 0 1 0 0 0 10.0500 49 
0 0 0 1 0 0 0 10.0833 49 
0 0 0 1 0 0 0 10.1000 50 
0 0 0 1 0 0 0 10.1333 51 
0 0 0 1 0 0 0 10.2000 55 
0 0 0 1 0 0 0 10.2333 57 
0 0 0 1 0 0 0 10.3167 56 
0 0 0 1 0 0 0 10.3500 57 
0 0 0 1 0 0 0 10.3833 55 
0 0 0 1 0 0 0 10.4167 57 
0 0 0 1 0 0 0 10.4333 58 
0 0 0 1 0 0 0 10.4500 60 
0 0 0 1 0 0 0 10.5000 58 
0 0 0 1 0 0 0 10.5167 54 
0 0 0 1 0 0 0 10.5333 51 
0 0 0 1 0 0 0 10.5500 50 
0 0 0 1 0 0 0 10.5667 51 
0 0 0 1 0 0 0 10.6333 48 
0 0 0 1 0 0 0 10.6667 50 
0 0 0 1 0 0 0 10.6833 52 
0 0 0 1 0 0 0 10.7000 51 
0 0 0 1 0 0 0 10.7500 49 
0 0 0 1 0 0 0 10.7667 54 
0 0 0 1 0 0 0 10.7833 51 
0 0 0 1 0 0 0 10.8000 54 
0 0 0 1 0 0 0 10.8167 52 
0 0 0 1 0 0 0 10.9667 52 
0 0 0 1 0 0 0 10.9833 51 
0 0 0 1 0 0 0 11.0667 52 
0 0 0 1 0 0 0 11.1167 54 
0 0 0 1 0 0 0 11.1333 57 
0 0 0 1 0 0 0 11.1500 58 
0 0 0 1 0 0 0 11.1667 63 
0 0 0 1 0 0 0 11.1833 66 
0 0 0 1 0 0 0 11.2000 69 
0 0 0 1 0 0 0 11.2667 72 
0 0 0 1 0 0 0 11.2833 70 
0 0 0 1 0 0 0 11.3000 73 
0 0 0 1 0 0 0 11.3167 72 
0 0 0 1 0 0 0 11.3500 73 
0 0 0 1 0 0 0 11.3833 74 
0 0 0 1 0 0 0 11.4000 75 
0 0 0 1 0 0 0 11.4167 78 
0 0 0 1 0 0 0 11.4667 84 
0 0 0 1 0 0 0 11.5000 84 
0 0 0 1 0 0 0 11.5500 86 
0 0 0 1 0 0 0 11.5667 85 
0 0 0 1 0 0 0 11.5833 82 
0 0 0 1 0 0 0 11.6000 84 
0 0 0 1 0 0 0 11.6167 82 
0 0 0 1 0 0 0 11.6333 80 
0 0 0 1 0 0 0 11.6833 76 
0 0 0 1 0 0 0 11.7000 78 
0 0 0 1 0 0 0 11.7333 76 
0 0 0 1 0 0 0 11.8000 75 
0 0 0 1 0 0 0 11.8167 74 
0 0 0 1 0 0 0 11.8333 75 
0 0 0 1 0 0 0 11.8500 76 
0 0 0 1 0 0 0 11.9167 75 
0 0 0 1 0 0 0 11.9500 73 
0 0 0 1 0 0 0 12.0167 72 
0 0 0 1 0 0 0 12.0333 73 
0 0 0 1 0 0 0 12.0667 73 
0 0 0 1 0 0 0 12.0833 75 
0 0 0 1 0 0 0 12.1000 76 
0 0 0 1 0 0 0 12.1167 74 
0 0 0 1 0 0 0 12.1333 75 
0 0 0 1 0 0 0 12.1667 72 
0 0 0 1 0 0 0 12.2167 70 
0 0 0 1 0 0 0 12.2333 69 
0 0 0 1 0 0 0 12.2833 68 
0 0 0 1 0 0 0 12.3500 68 
0 0 0 1 0 0 0 12.3667 64 
0 0 0 1 0 0 0 12.4000 62 
0 0 0 1 0 0 0 12.4167 63 
0 0 0 1 0 0 0 12.4500 61 
0 0 0 1 0 0 0 12.4667 62 
0 0 0 1 0 0 0 12.4833 61 
0 0 0 1 0 0 0 12.5000 58 
0 0 0 1 0 0 0 12.5167 57 
0 0 0 1 0 0 0 12.6167 54 
0 0 0 1 0 0 0 12.6667 52 
0 0 0 1 0 0 0 12.6833 56 
0 0 0 1 0 0 0 12.7167 52 
0 0 0 1 0 0 0 12.7333 51 
0 0 0 1 0 0 0 12.7500 50 
0 0 0 1 0 0 0 12.7833 49 
0 0 0 1 0 0 0 12.8000 48 
0 0 0 1 0 0 0 12.8500 51 
0 0 0 1 0 0 0 12.9333 54 
0 0 0 1 0 0 0 12.9500 52 
0 0 0 1 0 0 0 12.9833 52 
0 0 0 1 0 0 0 13.0167 54 
0 0 0 1 0 0 0 13.0500 56 
0 0 0 1 0 0 0 13.0833 57 
0 0 0 1 0 0 0 13.1833 58 
0 0 0 1 0 0 0 13.2000 60 
0 0 0 1 0 0 0 13.2167 61 
0 0 0 1 0 0 0 13.2500 57 
0 0 0 1 0 0 0 13.2833 57 
0 0 0 1 0 0 0 13.3167 56 
0 0 0 1 0 0 0 13.3500 58 
0 0 0 1 0 0 0 13.3667 57 
0 0 0 1 0 0 0 13.4833 56 
0 0 0 1 0 0 0 13.5000 54 
0 0 0 1 0 0 0 13.5667 58 
0 0 0 1 0 0 0 13.5833 60 
0 0 0 1 0 0 0 13.6333 60 
0 0 0 1 0 0 0 13.6500 58 
0 0 0 1 0 0 0 13.6667 57 
0 0 0 1 0 0 0 13.6833 56 
0 0 0 1 0 0 0 13.7000 55 
0 0 0 1 0 0 0 13.7333 52 
0 0 0 1 0 0 0 13.8000 51 
0 0 0 1 0 0 0 13.8833 52 
0 0 0 1 0 0 0 13.9167 51 
0 0 0 1 0 0 0 14.0000 51 
0 0 0 1 0 0 0 14.0333 48 
0 0 0 1 0 0 0 14.0500 49 
0 0 0 1 0 0 0 14.0667 50 
0 0 0 1 0 0 0 14.0833 48 
0 0 0 1 0 0 0 14.1167 46 
0 0 0 1 0 0 0 14.1667 45 
0 0 0 1 0 0 0 14.2000 43 
0 0 0 1 0 0 0 14.2500 40 
0 0 0 1 0 0 0 14.3000 38 
0 0 0 1 0 0 0 14.3333 39 
0 0 0 1 0 0 0 14.3833 40 
0 0 0 1 0 0 0 14.4500 42 
0 0 0 1 0 0 0 14.5000 40 
0 0 0 1 0 0 0 14.5167 39 
0 0 0 1 0 0 0 14.5667 40 
0 0 0 1 0 0 0 14.5833 39 
0 0 0 1 0 0 0 14.7000 44 
0 0 0 1 0 0 0 14.8000 46 
0 0 0 1 0 0 0 14.8333 45 
0 0 0 1 0 0 0 14.8667 44 
0 0 0 1 0 0 0 14.9000 42 
0 0 0 1 0 0 0 14.9333 43 
0 0 0 1 0 0 0 14.9833 42 
0 0 0 1 0 0 0 15.0000 44 
0 0 0 1 0 0 0 15.0667 48 
0 0 0 1 0 0 0 15.0833 52 
0 0 0 1 0 0 0 15.2000 56 
0 0 0 1 0 0 0 15.2333 57 
0 0 0 1 0 0 0 15.2667 58 
0 0 0 1 0 0 0 15.3000 60 
0 0 0 1 0 0 0 15.3167 62 
0 0 0 1 0 0 0 15.3500 61 
0 0 0 1 0 0 0 15.4000 62 
0 0 0 1 0 0 0 15.4167 67 
0 0 0 1 0 0 0 15.4333 68 
0 0 0 1 0 0 0 15.4667 66 
0 0 0 1 0 0 0 15.4833 67 
0 0 0 1 0 0 0 15.5333 68 
0 0 0 1 0 0 0 15.5833 69 
0 0 0 1 0 0 0 15.6000 72 
0 0 0 1 0 0 0 15.6333 70 
0 0 0 1 0 0 0 15.6500 72 
0 0 0 1 0 0 0 15.6667 75 
0 0 0 1 0 0 0 15.7667 73 
0 0 0 1 0 0 0 15.8167 76 
0 0 0 1 0 0 0 15.8333 75 
0 0 0 1 0 0 0 15.8500 78 
0 0 0 1 0 0 0 15.8833 76 
0 0 0 1 0 0 0 15.9333 74 
0 0 0 1 0 0 0 15.9667 72 
0 0 0 1 0 0 0 15.9833 75 
0 0 0 1 0 0 0 16.0000 74 
0 0 0 1 0 0 0 16.0167 73 
0 0 0 1 0 0 0 16.0500 69 
0 0 0 1 0 0 0 16.1333 74 
0 0 0 1 0 0 0 16.1833 72 
0 0 0 1 0 0 0 16.2167 70 
0 0 0 1 0 0 0 16.2500 69 
0 0 0 1 0 0 0 16.2667 72 
0 0 0 1 0 0 0 16.2833 70 
0 0 0 1 0 0 0 16.3167 69 
0 0 0 1 0 0 0 16.3333 72 
0 0 0 1 0 0 0 16.3667 74 
0 0 0 1 0 0 0 16.4167 75 
0 0 0 1 0 0 0 16.5667 73 
0 0 0 1 0 0 0 16.5833 78 
0 0 0 1 0 0 0 16.6000 75 
0 0 0 1 0 0 0 16.6167 76 
0 0 0 1 0 0 0 16.6333 75 
0 0 0 1 0 0 0 16.6500 76 
0 0 0 1 0 0 0 16.6833 74 
0 0 0 1 0 0 0 16.7333 78 
0 0 0 1 0 0 0 16.7667 79 
0 0 0 1 0 0 0 16.7833 81 
0 0 0 1 0 0 0 16.8000 79 
0 0 0 1 0 0 0 16.8167 80 
0 0 0 1 0 0 0 16.8333 81 
0 0 0 1 0 0 0 16.8500 80 
0 0 0 1 0 0 0 16.8667 81 
0 0 0 1 0 0 0 16.8833 80 
0 0 0 1 0 0 0 16.9833 81 
0 0 0 1 0 0 0 17.0167 86 
0 0 0 1 0 0 0 17.0333 87 
0 0 0 1 0 0 0 17.0833 94 
0 0 0 1 0 0 0 17.1000 93 
0 0 0 1 0 0 0 17.1167 92 
0 0 0 1 0 0 0 17.1333 96 
0 0 0 1 0 0 0 17.2000 93 
0 0 0 1 0 0 0 17.2500 97 
0 0 0 1 0 0 0 17.3167 92 
0 0 0 1 0 0 0 17.3333 91 
0 0 0 1 0 0 0 17.3833 92 
0 0 0 1 0 0 0 17.4000 93 
0 0 0 1 0 0 0 17.4167 91 
0 0 0 1 0 0 0 17.4333 92 
0 0 0 1 0 0 0 17.4500 94 
0 0 0 1 0 0 0 17.4667 97 
0 0 0 1 0 0 0 17.4833 99 
0 0 0 1 0 0 0 17.5500 97 
0 0 0 1 0 0 0 17.5667 99 
0 0 0 1 0 0 0 17.5833 98 
0 0 0 1 0 0 0 17.6000 99 
0 0 0 1 0 0 0 17.6333 100 
0 0 0 1 0 0 0 17.6500 102 
0 0 0 1 0 0 0 17.7000 103 
0 0 0 1 0 0 0 17.7333 99 
0 0 0 1 0 0 0 17.7667 99 
0 0 0 1 0 0 0 17.8333 92 
0 0 0 1 0 0 0 17.8500 87 
0 0 0 1 0 0 0 17.8667 88 
0 0 0 1 0 0 0 17.9000 85 
0 0 0 1 0 0 0 17.9167 87 
0 0 0 1 0 0 0 17.9333 84 
0 0 0 1 0 0 0 17.9500 88 
0 0 0 1 0 0 0 17.9833 91 
0 0 0 1 0 0 0 18.0000 90 
0 0 0 1 0 0 0 18.0500 90 
0 0 0 1 0 0 0 18.0667 87 
0 0 0 1 0 0 0 18.1000 88 
0 0 0 1 0 0 0 18.1167 90 
0 0 0 1 0 0 0 18.1333 87 
0 0 0 1 0 0 0 18.1500 90 
0 0 0 1 0 0 0 18.1833 86 
0 0 0 1 0 0 0 18.2000 87 
0 0 0 1 0 0 0 18.2333 88 
0 0 0 1 0 0 0 18.2833 92 
0 0 0 1 0 0 0 18.3000 90 
0 0 0 1 0 0 0 18.3167 88 
0 0 0 1 0 0 0 18.3333 90 
0 0 0 1 0 0 0 18.3667 93 
0 0 0 1 0 0 0 18.4167 88 
0 0 0 1 0 0 0 18.4333 90 
0 0 0 1 0 0 0 18.4500 86 
0 0 0 1 0 0 0 18.4833 84 
0 0 0 1 0 0 0 18.5333 84 
0 0 0 1 0 0 0 18.5500 81 
0 0 0 1 0 0 0 18.6167 84 
0 0 0 1 0 0 0 18.6333 81 
0 0 0 1 0 0 0 18.6667 84 
0 0 0 1 0 0 0 18.6833 86 
0 0 0 1 0 0 0 18.7000 87 
0 0 0 1 0 0 0 18.7167 85 
0 0 0 1 0 0 0 18.7333 87 
0 0 0 1 0 0 0 18.8167 82 
0 0 0 1 0 0 0 18.8833 81 
0 0 0 1 0 0 0 18.9333 76 
0 0 0 1 0 0 0 18.9667 76 
0 0 0 1 0 0 0 18.9833 75 
0 0 0 1 0 0 0 19.0667 74 
0 0 0 1 0 0 0 19.1000 75 
0 0 0 1 0 0 0 19.1167 76 
0 0 0 1 0 0 0 19.1333 78 
0 0 0 1 0 0 0 19.1833 78 
0 0 0 1 0 0 0 19.2000 79 
0 0 0 1 0 0 0 19.2333 75 
0 0 0 1 0 0 0 19.2500 74 
0 0 0 1 0 0 0 19.2667 76 
0 0 0 1 0 0 0 19.2833 75 
0 0 0 1 0 0 0 19.3333 78 
0 0 0 1 0 0 0 19.3667 76 
0 0 0 1 0 0 0 19.3833 75 
0 0 0 1 0 0 0 19.4167 80 
0 0 0 1 0 0 0 19.4667 78 
0 0 0 1 0 0 0 19.4833 75 
0 0 0 1 0 0 0 19.5167 76 
0 0 0 1 0 0 0 19.5333 79 
0 0 0 1 0 0 0 19.5500 78 
0 0 0 1 0 0 0 19.5833 79 
0 0 0 1 0 0 0 19.6000 78 
0 0 0 1 0 0 0 19.6167 79 
0 0 0 1 0 0 0 19.6667 85 
0 0 0 1 0 0 0 19.7000 84 
0 0 0 1 0 0 0 19.7500 85 
0 0 0 1 0 0 0 19.7667 87 
0 0 0 1 0 0 0 19.8333 88 
0 0 0 1 0 0 0 19.8500 92 
0 0 0 1 0 0 0 19.8667 93 
0 0 0 1 0 0 0 19.9000 94 
0 0 0 1 0 0 0 19.9167 92 
0 0 0 1 0 0 0 19.9667 90 
0 0 0 1 0 0 0 19.9833 96 
0 0 0 1 0 0 0 20.0000 94 
0 0 0 1 0 0 0 20.0167 93 
0 0 0 1 0 0 0 20.0333 91 
0 0 0 1 0 0 0 20.0500 88 
0 0 0 1 0 0 0 20.0667 90 
0 0 0 1 0 0 0 20.0833 86 
0 0 0 1 0 0 0 20.1000 87 
0 0 0 1 0 0 0 20.1667 92 
0 0 0 1 0 0 0 20.2000 93 
0 0 0 1 0 0 0 20.2333 94 
0 0 0 1 0 0 0 20.2500 96 
0 0 0 1 0 0 0 20.2667 93 
0 0 0 1 0 0 0 20.2833 94 
0 0 0 1 0 0 0 20.3000 97 
0 0 0 1 0 0 0 20.3333 98 
0 0 0 1 0 0 0 20.3667 100 
0 0 0 1 0 0 0 20.4000 99 
0 0 0 1 0 0 0 20.4167 103 
0 0 0 1 0 0 0 20.4333 104 
0 0 0 1 0 0 0 20.4500 108 
0 0 0 1 0 0 0 20.4667 105 
0 0 0 1 0 0 0 20.4833 108 
0 0 0 1 0 0 0 20.5000 110 
0 0 0 1 0 0 0 20.6167 110 
0 0 0 1 0 0 0 20.6500 111 
0 0 0 1 0 0 0 20.7000 103 
0 0 0 1 0 0 0 20.7167 84 
0 0 0 1 0 0 0 20.7333 85 
0 0 0 1 0 0 0 20.7500 84 
0 0 0 1 0 0 0 20.7667 81 
0 0 0 1 0 0 0 20.7833 80 
0 0 0 1 0 0 0 20.8333 80 
0 0 0 1 0 0 0 20.8500 78 
0 0 0 1 0 0 0 20.8667 75 
0 0 0 1 0 0 0 20.9333 72 
0 0 0 1 0 0 0 20.9667 75 
0 0 0 1 0 0 0 20.9833 72 
0 0 0 1 0 0 0 21.0000 75 
0 0 0 1 0 0 0 21.0333 73 
0 0 0 1 0 0 0 21.0667 75 
0 0 0 1 0 0 0 21.0833 76 
0 0 0 1 0 0 0 21.1167 78 
0 0 0 1 0 0 0 21.1500 79 
0 0 0 1 0 0 0 21.1833 82 
0 0 0 1 0 0 0 21.2333 81 
0 0 0 1 0 0 0 21.2667 80 
0 0 0 1 0 0 0 21.2833 81 
0 0 0 1 0 0 0 21.3167 76 
0 0 0 1 0 0 0 21.3500 75 
0 0 0 1 0 0 0 21.4000 73 
0 0 0 1 0 0 0 21.4167 75 
0 0 0 1 0 0 0 21.4333 76 
0 0 0 1 0 0 0 21.4667 72 
0 0 0 1 0 0 0 21.4833 74 
0 0 0 1 0 0 0 21.5167 75 
0 0 0 1 0 0 0 21.5667 73 
0 0 0 1 0 0 0 21.5833 75 
0 0 0 1 0 0 0 21.6333 74 
0 0 0 1 0 0 0 21.6500 75 
0 0 0 1 0 0 0 21.6833 74 
0 0 0 1 0 0 0 21.7000 75 
0 0 0 1 0 0 0 21.7500 72 
0 0 0 1 0 0 0 21.7667 70 
0 0 0 1 0 0 0 21.8333 66 
0 0 0 1 0 0 0 21.8667 64 
0 0 0 1 0 0 0 21.8833 63 
0 0 0 1 0 0 0 21.9167 0 
0 0 0 1 0 0 0 22.0333 1 
0 0 0 1 0 0 0 22.0667 0 
0 0 0 1 0 0 0 22.1833 1 
0 0 0 1 0 0 0 22.2333 1 
0 0 0 1 0 0 0 22.3500 1 
0 0 0 1 0 0 0 22.3667 0 
0 0 0 1 0 0 0 22.3833 1 
0 0 0 1 0 0 0 22.4000 0 
0 0 0 1 0 0 0 22.5667 1 
0 0 0 1 0 0 0 22.6500 2 
0 0 0 1 0 0 0 22.6833 1 
0 0 0 1 0 0 0 23.0667 0 
0 0 0 1 0 0 0 23.3167 1 
0 0 0 1 0 0 0 23.5667 0 
0 0 0 1 0 0 0 23.6000 1 
0 0 0 1 0 0 0 23.8000 0 
0 0 0 1 0 0 0 23.8333 1 
0 0 0 0 1 0 0 0.0167 0 
0 0 0 0 1 0 0 0.1833 1 
0 0 0 0 1 0 0 0.2000 0 
0 0 0 0 1 0 0 0.4333 2 
0 0 0 0 1 0 0 1.0500 2 
0 0 0 0 1 0 0 1.1167 1 
0 0 0 0 1 0 0 1.1333 2 
0 0 0 0 1 0 0 1.3000 1 
0 0 0 0 1 0 0 1.3500 2 
0 0 0 0 1 0 0 1.5167 1 
0 0 0 0 1 0 0 6.2167 2 
0 0 0 0 1 0 0 6.2500 3 
0 0 0 0 1 0 0 6.3167 1 
0 0 0 0 1 0 0 6.5500 9 
0 0 0 0 1 0 0 6.5667 10 
0 0 0 0 1 0 0 6.5833 16 
0 0 0 0 1 0 0 6.6000 18 
0 0 0 0 1 0 0 6.6167 22 
0 0 0 0 1 0 0 6.6333 24 
0 0 0 0 1 0 0 6.6833 27 
0 0 0 0 1 0 0 6.7000 30 
0 0 0 0 1 0 0 6.7333 33 
0 0 0 0 1 0 0 6.7667 36 
0 0 0 0 1 0 0 6.8167 37 
0 0 0 0 1 0 0 6.8500 38 
0 0 0 0 1 0 0 6.8667 39 
0 0 0 0 1 0 0 6.9000 40 
0 0 0 0 1 0 0 6.9167 42 
0 0 0 0 1 0 0 6.9333 43 
0 0 0 0 1 0 0 6.9667 44 
0 0 0 0 1 0 0 6.9833 42 
0 0 0 0 1 0 0 7.0333 45 
0 0 0 0 1 0 0 7.0833 46 
0 0 0 0 1 0 0 7.1167 45 
0 0 0 0 1 0 0 7.1667 44 
0 0 0 0 1 0 0 7.1833 46 
0 0 0 0 1 0 0 7.2167 48 
0 0 0 0 1 0 0 7.2667 50 
0 0 0 0 1 0 0 7.3000 49 
0 0 0 0 1 0 0 7.3167 50 
0 0 0 0 1 0 0 7.4000 48 
0 0 0 0 1 0 0 7.4167 46 
0 0 0 0 1 0 0 7.4333 48 
0 0 0 0 1 0 0 7.4500 49 
0 0 0 0 1 0 0 7.4667 50 
0 0 0 0 1 0 0 7.5167 48 
0 0 0 0 1 0 0 7.5333 46 
0 0 0 0 1 0 0 7.5500 45 
0 0 0 0 1 0 0 7.5833 49 
0 0 0 0 1 0 0 7.6167 48 
0 0 0 0 1 0 0 7.6500 50 
0 0 0 0 1 0 0 7.6667 51 
0 0 0 0 1 0 0 7.6833 50 
0 0 0 0 1 0 0 7.7167 50 
0 0 0 0 1 0 0 7.7333 49 
0 0 0 0 1 0 0 7.7500 48 
0 0 0 0 1 0 0 7.7833 49 
0 0 0 0 1 0 0 7.8000 50 
0 0 0 0 1 0 0 7.8667 44 
0 0 0 0 1 0 0 7.8833 45 
0 0 0 0 1 0 0 7.9500 44 
0 0 0 0 1 0 0 8.0333 40 
0 0 0 0 1 0 0 8.0667 39 
0 0 0 0 1 0 0 8.1000 40 
0 0 0 0 1 0 0 8.1167 44 
0 0 0 0 1 0 0 8.1333 43 
0 0 0 0 1 0 0 8.1500 44 
0 0 0 0 1 0 0 8.2000 42 
0 0 0 0 1 0 0 8.2167 44 
0 0 0 0 1 0 0 8.3000 44 
0 0 0 0 1 0 0 8.3167 45 
0 0 0 0 1 0 0 8.3333 43 
0 0 0 0 1 0 0 8.3833 40 
0 0 0 0 1 0 0 8.4000 39 
0 0 0 0 1 0 0 8.4167 40 
0 0 0 0 1 0 0 8.4500 42 
0 0 0 0 1 0 0 8.5000 40 
0 0 0 0 1 0 0 8.5833 40 
0 0 0 0 1 0 0 8.6000 39 
0 0 0 0 1 0 0 8.6167 38 
0 0 0 0 1 0 0 8.6333 37 
0 0 0 0 1 0 0 8.6500 39 
0 0 0 0 1 0 0 8.7000 37 
0 0 0 0 1 0 0 8.7167 38 
0 0 0 0 1 0 0 8.7333 39 
0 0 0 0 1 0 0 8.7833 39 
0 0 0 0 1 0 0 8.8167 40 
0 0 0 0 1 0 0 8.8333 39 
0 0 0 0 1 0 0 8.8667 42 
0 0 0 0 1 0 0 8.8833 43 
0 0 0 0 1 0 0 8.9000 46 
0 0 0 0 1 0 0 8.9333 45 
0 0 0 0 1 0 0 8.9500 48 
0 0 0 0 1 0 0 8.9667 46 
0 0 0 0 1 0 0 9.0000 46 
0 0 0 0 1 0 0 9.0167 48 
0 0 0 0 1 0 0 9.0333 50 
0 0 0 0 1 0 0 9.0500 52 
0 0 0 0 1 0 0 9.0667 56 
0 0 0 0 1 0 0 9.0833 57 
0 0 0 0 1 0 0 9.1000 63 
0 0 0 0 1 0 0 9.1500 57 
0 0 0 0 1 0 0 9.2000 56 
0 0 0 0 1 0 0 9.2667 61 
0 0 0 0 1 0 0 9.3000 62 
0 0 0 0 1 0 0 9.3167 63 
0 0 0 0 1 0 0 9.3667 64 
0 0 0 0 1 0 0 9.3833 66 
0 0 0 0 1 0 0 9.4000 67 
0 0 0 0 1 0 0 9.4167 68 
0 0 0 0 1 0 0 9.4500 67 
0 0 0 0 1 0 0 9.4833 67 
0 0 0 0 1 0 0 9.5667 64 
0 0 0 0 1 0 0 9.5833 63 
0 0 0 0 1 0 0 9.6000 64 
0 0 0 0 1 0 0 9.6333 63 
0 0 0 0 1 0 0 9.6667 62 
0 0 0 0 1 0 0 9.6833 60 
0 0 0 0 1 0 0 9.7000 63 
0 0 0 0 1 0 0 9.7333 67 
0 0 0 0 1 0 0 9.7667 63 
0 0 0 0 1 0 0 9.8000 60 
0 0 0 0 1 0 0 9.8333 57 
0 0 0 0 1 0 0 9.8833 55 
0 0 0 0 1 0 0 9.9167 51 
0 0 0 0 1 0 0 9.9333 52 
0 0 0 0 1 0 0 9.9500 50 
0 0 0 0 1 0 0 10.0333 54 
0 0 0 0 1 0 0 10.0667 55 
0 0 0 0 1 0 0 10.0833 56 
0 0 0 0 1 0 0 10.1667 55 
0 0 0 0 1 0 0 10.1833 56 
0 0 0 0 1 0 0 10.2000 55 
0 0 0 0 1 0 0 10.2167 52 
0 0 0 0 1 0 0 10.2333 54 
0 0 0 0 1 0 0 10.2667 56 
0 0 0 0 1 0 0 10.2833 57 
0 0 0 0 1 0 0 10.3000 60 
0 0 0 0 1 0 0 10.3167 61 
0 0 0 0 1 0 0 10.3667 63 
0 0 0 0 1 0 0 10.3833 67 
0 0 0 0 1 0 0 10.4000 64 
0 0 0 0 1 0 0 10.4333 63 
0 0 0 0 1 0 0 10.5000 66 
0 0 0 0 1 0 0 10.5333 69 
0 0 0 0 1 0 0 10.5500 70 
0 0 0 0 1 0 0 10.5667 75 
0 0 0 0 1 0 0 10.6167 72 
0 0 0 0 1 0 0 10.6833 72 
0 0 0 0 1 0 0 10.7000 70 
0 0 0 0 1 0 0 10.7167 72 
0 0 0 0 1 0 0 10.7667 69 
0 0 0 0 1 0 0 10.7833 66 
0 0 0 0 1 0 0 10.8000 67 
0 0 0 0 1 0 0 10.8167 64 
0 0 0 0 1 0 0 10.8500 66 
0 0 0 0 1 0 0 10.8667 61 
0 0 0 0 1 0 0 10.9000 61 
0 0 0 0 1 0 0 10.9167 58 
0 0 0 0 1 0 0 10.9500 63 
0 0 0 0 1 0 0 10.9667 62 
0 0 0 0 1 0 0 10.9833 63 
0 0 0 0 1 0 0 11.1167 67 
0 0 0 0 1 0 0 11.1333 63 
0 0 0 0 1 0 0 11.1500 62 
0 0 0 0 1 0 0 11.1667 63 
0 0 0 0 1 0 0 11.2000 68 
0 0 0 0 1 0 0 11.2333 69 
0 0 0 0 1 0 0 11.2500 68 
0 0 0 0 1 0 0 11.2667 70 
0 0 0 0 1 0 0 11.2833 69 
0 0 0 0 1 0 0 11.3500 68 
0 0 0 0 1 0 0 11.4000 69 
0 0 0 0 1 0 0 11.4167 68 
0 0 0 0 1 0 0 11.4500 69 
0 0 0 0 1 0 0 11.5667 69 
0 0 0 0 1 0 0 11.7167 68 
0 0 0 0 1 0 0 11.7333 69 
0 0 0 0 1 0 0 11.7667 67 
0 0 0 0 1 0 0 11.8167 68 
0 0 0 0 1 0 0 11.8333 69 
0 0 0 0 1 0 0 11.8667 70 
0 0 0 0 1 0 0 11.8833 69 
0 0 0 0 1 0 0 11.9000 66 
0 0 0 0 1 0 0 11.9833 66 
0 0 0 0 1 0 0 12.0000 64 
0 0 0 0 1 0 0 12.0333 62 
0 0 0 0 1 0 0 12.0500 58 
0 0 0 0 1 0 0 12.0667 57 
0 0 0 0 1 0 0 12.1000 55 
0 0 0 0 1 0 0 12.1167 52 
0 0 0 0 1 0 0 12.1333 55 
0 0 0 0 1 0 0 12.1500 56 
0 0 0 0 1 0 0 12.2000 57 
0 0 0 0 1 0 0 12.2167 60 
0 0 0 0 1 0 0 12.2333 58 
0 0 0 0 1 0 0 12.2667 61 
0 0 0 0 1 0 0 12.2833 60 
0 0 0 0 1 0 0 12.3167 58 
0 0 0 0 1 0 0 12.3500 57 
0 0 0 0 1 0 0 12.3667 55 
0 0 0 0 1 0 0 12.4000 51 
0 0 0 0 1 0 0 12.4500 51 
0 0 0 0 1 0 0 12.4833 49 
0 0 0 0 1 0 0 12.5000 50 
0 0 0 0 1 0 0 12.5167 48 
0 0 0 0 1 0 0 12.5667 50 
0 0 0 0 1 0 0 12.5833 48 
0 0 0 0 1 0 0 12.6500 49 
0 0 0 0 1 0 0 12.6833 51 
0 0 0 0 1 0 0 12.7000 50 
0 0 0 0 1 0 0 12.7333 46 
0 0 0 0 1 0 0 12.7500 45 
0 0 0 0 1 0 0 12.7667 46 
0 0 0 0 1 0 0 12.8167 48 
0 0 0 0 1 0 0 12.8333 45 
0 0 0 0 1 0 0 12.9333 46 
0 0 0 0 1 0 0 13.0000 51 
0 0 0 0 1 0 0 13.0500 52 
0 0 0 0 1 0 0 13.0667 51 
0 0 0 0 1 0 0 13.1000 54 
0 0 0 0 1 0 0 13.1167 57 
0 0 0 0 1 0 0 13.1667 56 
0 0 0 0 1 0 0 13.1833 58 
0 0 0 0 1 0 0 13.2333 57 
0 0 0 0 1 0 0 13.3333 60 
0 0 0 0 1 0 0 13.3500 62 
0 0 0 0 1 0 0 13.3667 63 
0 0 0 0 1 0 0 13.4333 64 
0 0 0 0 1 0 0 13.4667 64 
0 0 0 0 1 0 0 13.4833 69 
0 0 0 0 1 0 0 13.5333 70 
0 0 0 0 1 0 0 13.5500 69 
0 0 0 0 1 0 0 13.6000 73 
0 0 0 0 1 0 0 13.6167 72 
0 0 0 0 1 0 0 13.6333 69 
0 0 0 0 1 0 0 13.6667 70 
0 0 0 0 1 0 0 13.6833 69 
0 0 0 0 1 0 0 13.7500 67 
0 0 0 0 1 0 0 13.7667 69 
0 0 0 0 1 0 0 13.8167 67 
0 0 0 0 1 0 0 13.8667 67 
0 0 0 0 1 0 0 13.8833 69 
0 0 0 0 1 0 0 13.9167 68 
0 0 0 0 1 0 0 13.9333 72 
0 0 0 0 1 0 0 13.9500 70 
0 0 0 0 1 0 0 13.9667 73 
0 0 0 0 1 0 0 14.0000 73 
0 0 0 0 1 0 0 14.0333 70 
0 0 0 0 1 0 0 14.0667 74 
0 0 0 0 1 0 0 14.0833 75 
0 0 0 0 1 0 0 14.1333 74 
0 0 0 0 1 0 0 14.1500 78 
0 0 0 0 1 0 0 14.1833 76 
0 0 0 0 1 0 0 14.2000 75 
0 0 0 0 1 0 0 14.2333 74 
0 0 0 0 1 0 0 14.2833 75 
0 0 0 0 1 0 0 14.3167 76 
0 0 0 0 1 0 0 14.3333 78 
0 0 0 0 1 0 0 14.3500 75 
0 0 0 0 1 0 0 14.3667 78 
0 0 0 0 1 0 0 14.3833 80 
0 0 0 0 1 0 0 14.4000 76 
0 0 0 0 1 0 0 14.4500 78 
0 0 0 0 1 0 0 14.4667 81 
0 0 0 0 1 0 0 14.5833 84 
0 0 0 0 1 0 0 14.6333 82 
0 0 0 0 1 0 0 14.6500 81 
0 0 0 0 1 0 0 14.6833 80 
0 0 0 0 1 0 0 14.7333 81 
0 0 0 0 1 0 0 14.7667 80 
0 0 0 0 1 0 0 14.7833 79 
0 0 0 0 1 0 0 14.8000 82 
0 0 0 0 1 0 0 14.8333 84 
0 0 0 0 1 0 0 14.8833 81 
0 0 0 0 1 0 0 14.9167 76 
0 0 0 0 1 0 0 14.9333 75 
0 0 0 0 1 0 0 15.0000 76 
0 0 0 0 1 0 0 15.0333 78 
0 0 0 0 1 0 0 15.0667 75 
0 0 0 0 1 0 0 15.0833 76 
0 0 0 0 1 0 0 15.1167 79 
0 0 0 0 1 0 0 15.1333 80 
0 0 0 0 1 0 0 15.1833 79 
0 0 0 0 1 0 0 15.2000 80 
0 0 0 0 1 0 0 15.2667 81 
0 0 0 0 1 0 0 15.3181 80 
0 0 0 0 1 0 0 15.3333 78 
0 0 0 0 1 0 0 15.3500 79 
0 0 0 0 1 0 0 15.3667 84 
0 0 0 0 1 0 0 15.3833 85 
0 0 0 0 1 0 0 15.4167 92 
0 0 0 0 1 0 0 15.4500 88 
0 0 0 0 1 0 0 15.4833 85 
0 0 0 0 1 0 0 15.5000 87 
0 0 0 0 1 0 0 15.5667 85 
0 0 0 0 1 0 0 15.5833 84 
0 0 0 0 1 0 0 15.6000 87 
0 0 0 0 1 0 0 15.6167 88 
0 0 0 0 1 0 0 15.6833 88 
0 0 0 0 1 0 0 15.7000 87 
0 0 0 0 1 0 0 15.8000 87 
0 0 0 0 1 0 0 15.8167 90 
0 0 0 0 1 0 0 15.8333 92 
0 0 0 0 1 0 0 15.8500 91 
0 0 0 0 1 0 0 15.8667 92 
0 0 0 0 1 0 0 15.8833 91 
0 0 0 0 1 0 0 15.9167 90 
0 0 0 0 1 0 0 15.9667 91 
0 0 0 0 1 0 0 16.0000 87 
0 0 0 0 1 0 0 16.0667 93 
0 0 0 0 1 0 0 16.0833 94 
0 0 0 0 1 0 0 16.1167 93 
0 0 0 0 1 0 0 16.1500 90 
0 0 0 0 1 0 0 16.1667 92 
0 0 0 0 1 0 0 16.2000 97 
0 0 0 0 1 0 0 16.2167 98 
0 0 0 0 1 0 0 16.2500 99 
0 0 0 0 1 0 0 16.2667 102 
0 0 0 0 1 0 0 16.3000 104 
0 0 0 0 1 0 0 16.3167 99 
0 0 0 0 1 0 0 16.3500 80 
0 0 0 0 1 0 0 16.3667 78 
0 0 0 0 1 0 0 16.4000 78 
0 0 0 0 1 0 0 16.4167 79 
0 0 0 0 1 0 0 16.4333 81 
0 0 0 0 1 0 0 16.4500 79 
0 0 0 0 1 0 0 16.4833 80 
0 0 0 0 1 0 0 16.5167 82 
0 0 0 0 1 0 0 16.5333 84 
0 0 0 0 1 0 0 16.5500 82 
0 0 0 0 1 0 0 16.5833 84 
0 0 0 0 1 0 0 16.6000 81 
0 0 0 0 1 0 0 16.6333 80 
0 0 0 0 1 0 0 16.6500 81 
0 0 0 0 1 0 0 16.6667 80 
0 0 0 0 1 0 0 16.7000 78 
0 0 0 0 1 0 0 16.7333 79 
0 0 0 0 1 0 0 16.7833 82 
0 0 0 0 1 0 0 16.8167 82 
0 0 0 0 1 0 0 16.8333 85 
0 0 0 0 1 0 0 16.8500 88 
0 0 0 0 1 0 0 16.8833 91 
0 0 0 0 1 0 0 16.9000 87 
0 0 0 0 1 0 0 16.9333 82 
0 0 0 0 1 0 0 16.9500 87 
0 0 0 0 1 0 0 17.0667 91 
0 0 0 0 1 0 0 17.1333 92 
0 0 0 0 1 0 0 17.1500 93 
0 0 0 0 1 0 0 17.1667 94 
0 0 0 0 1 0 0 17.2167 93 
0 0 0 0 1 0 0 17.2667 98 
0 0 0 0 1 0 0 17.2833 93 
0 0 0 0 1 0 0 17.3667 90 
0 0 0 0 1 0 0 17.3833 92 
0 0 0 0 1 0 0 17.4667 88 
0 0 0 0 1 0 0 17.4833 87 
0 0 0 0 1 0 0 17.5000 90 
0 0 0 0 1 0 0 17.5167 92 
0 0 0 0 1 0 0 17.5333 90 
0 0 0 0 1 0 0 17.5667 92 
0 0 0 0 1 0 0 17.6333 93 
0 0 0 0 1 0 0 17.6500 92 
0 0 0 0 1 0 0 17.6833 93 
0 0 0 0 1 0 0 17.7833 93 
0 0 0 0 1 0 0 17.8000 96 
0 0 0 0 1 0 0 17.8167 93 
0 0 0 0 1 0 0 17.8333 94 
0 0 0 0 1 0 0 17.8500 93 
0 0 0 0 1 0 0 17.8833 92 
0 0 0 0 1 0 0 17.9000 91 
0 0 0 0 1 0 0 17.9167 92 
0 0 0 0 1 0 0 17.9500 93 
0 0 0 0 1 0 0 18.0333 90 
0 0 0 0 1 0 0 18.1167 88 
0 0 0 0 1 0 0 18.1500 82 
0 0 0 0 1 0 0 18.1667 81 
0 0 0 0 1 0 0 18.2000 86 
0 0 0 0 1 0 0 18.2167 87 
0 0 0 0 1 0 0 18.2333 91 
0 0 0 0 1 0 0 18.2500 93 
0 0 0 0 1 0 0 18.2833 88 
0 0 0 0 1 0 0 18.3333 91 
0 0 0 0 1 0 0 18.3500 88 
0 0 0 0 1 0 0 18.3667 91 
0 0 0 0 1 0 0 18.4167 90 
0 0 0 0 1 0 0 18.4333 91 
0 0 0 0 1 0 0 18.4667 92 
0 0 0 0 1 0 0 18.4833 91 
0 0 0 0 1 0 0 18.5333 87 
0 0 0 0 1 0 0 18.5500 85 
0 0 0 0 1 0 0 18.6000 87 
0 0 0 0 1 0 0 18.6833 81 
0 0 0 0 1 0 0 18.7167 84 
0 0 0 0 1 0 0 18.7500 85 
0 0 0 0 1 0 0 18.7667 84 
0 0 0 0 1 0 0 18.7833 81 
0 0 0 0 1 0 0 18.8167 84 
0 0 0 0 1 0 0 18.8667 85 
0 0 0 0 1 0 0 18.9000 86 
0 0 0 0 1 0 0 18.9333 85 
0 0 0 0 1 0 0 18.9500 86 
0 0 0 0 1 0 0 18.9667 84 
0 0 0 0 1 0 0 18.9833 85 
0 0 0 0 1 0 0 19.0000 87 
0 0 0 0 1 0 0 19.0500 85 
0 0 0 0 1 0 0 19.0667 81 
0 0 0 0 1 0 0 19.0833 82 
0 0 0 0 1 0 0 19.1000 80 
0 0 0 0 1 0 0 19.1333 76 
0 0 0 0 1 0 0 19.1667 75 
0 0 0 0 1 0 0 19.2333 73 
0 0 0 0 1 0 0 19.2500 72 
0 0 0 0 1 0 0 19.3500 68 
0 0 0 0 1 0 0 19.3667 69 
0 0 0 0 1 0 0 19.3833 66 
0 0 0 0 1 0 0 19.4000 67 
0 0 0 0 1 0 0 19.4333 69 
0 0 0 0 1 0 0 19.4833 68 
0 0 0 0 1 0 0 19.5000 66 
0 0 0 0 1 0 0 19.5500 64 
0 0 0 0 1 0 0 19.5833 68 
0 0 0 0 1 0 0 19.6000 66 
0 0 0 0 1 0 0 19.6167 63 
0 0 0 0 1 0 0 19.6333 62 
0 0 0 0 1 0 0 19.6500 63 
0 0 0 0 1 0 0 19.7500 62 
0 0 0 0 1 0 0 19.8000 62 
0 0 0 0 1 0 0 19.8167 63 
0 0 0 0 1 0 0 19.8667 67 
0 0 0 0 1 0 0 19.9000 69 
0 0 0 0 1 0 0 19.9667 67 
0 0 0 0 1 0 0 20.0000 68 
0 0 0 0 1 0 0 20.0333 66 
0 0 0 0 1 0 0 20.0500 67 
0 0 0 0 1 0 0 20.0667 63 
0 0 0 0 1 0 0 20.1167 60 
0 0 0 0 1 0 0 20.1667 61 
0 0 0 0 1 0 0 20.2000 58 
0 0 0 0 1 0 0 20.2167 60 
0 0 0 0 1 0 0 20.2333 58 
0 0 0 0 1 0 0 20.2500 61 
0 0 0 0 1 0 0 20.2667 62 
0 0 0 0 1 0 0 20.3000 61 
0 0 0 0 1 0 0 20.3167 62 
0 0 0 0 1 0 0 20.4000 63 
0 0 0 0 1 0 0 20.4333 62 
0 0 0 0 1 0 0 20.4500 61 
0 0 0 0 1 0 0 20.4667 63 
0 0 0 0 1 0 0 20.5333 61 
0 0 0 0 1 0 0 20.5667 63 
0 0 0 0 1 0 0 20.6667 64 
0 0 0 0 1 0 0 20.6833 63 
0 0 0 0 1 0 0 20.7167 62 
0 0 0 0 1 0 0 20.7833 62 
0 0 0 0 1 0 0 20.8000 63 
0 0 0 0 1 0 0 20.8167 64 
0 0 0 0 1 0 0 20.8333 68 
0 0 0 0 1 0 0 20.8500 69 
0 0 0 0 1 0 0 21.0000 70 
0 0 0 0 1 0 0 21.0167 72 
0 0 0 0 1 0 0 21.0667 73 
0 0 0 0 1 0 0 21.1333 74 
0 0 0 0 1 0 0 21.2500 69 
0 0 0 0 1 0 0 21.2667 70 
0 0 0 0 1 0 0 21.3167 69 
0 0 0 0 1 0 0 21.3833 70 
0 0 0 0 1 0 0 21.4000 69 
0 0 0 0 1 0 0 21.4167 72 
0 0 0 0 1 0 0 21.4333 73 
0 0 0 0 1 0 0 21.4500 72 
0 0 0 0 1 0 0 21.5333 73 
0 0 0 0 1 0 0 21.5833 73 
0 0 0 0 1 0 0 21.6000 75 
0 0 0 0 1 0 0 21.6167 73 
0 0 0 0 1 0 0 21.6500 72 
0 0 0 0 1 0 0 21.7333 74 
0 0 0 0 1 0 0 21.7500 75 
0 0 0 0 1 0 0 21.7833 74 
0 0 0 0 1 0 0 21.8333 74 
0 0 0 0 1 0 0 21.8500 73 
0 0 0 0 1 0 0 21.9000 73 
0 0 0 0 1 0 0 21.9167 72 
0 0 0 0 1 0 0 21.9333 73 
0 0 0 0 1 0 0 21.9667 74 
0 0 0 0 1 0 0 22.0333 72 
0 0 0 0 1 0 0 22.0500 73 
0 0 0 0 1 0 0 22.1000 73 
0 0 0 0 1 0 0 22.1333 72 
0 0 0 0 1 0 0 22.1500 70 
0 0 0 0 1 0 0 22.1833 1 
0 0 0 0 1 0 0 22.2000 0 
0 0 0 0 1 0 0 22.3000 1 
0 0 0 0 1 0 0 22.3167 0 
0 0 0 0 0 1 0 5.2667 1 
0 0 0 0 0 1 0 5.3500 1 
0 0 0 0 0 1 0 5.8000 0 
0 0 0 0 0 1 0 5.8833 1 
0 0 0 0 0 1 0 6.1167 0 
0 0 0 0 0 1 0 6.6167 0 
0 0 0 0 0 1 0 6.6500 1 
0 0 0 0 0 1 0 6.9500 0 
0 0 0 0 0 1 0 7.5500 1 
0 0 0 0 0 1 0 7.5833 1 
0 0 0 0 0 1 0 7.6000 2 
0 0 0 0 0 1 0 7.6333 1 
0 0 0 0 0 1 0 7.6500 0 
0 0 0 0 0 1 0 8.0167 1 
0 0 0 0 0 1 0 8.0500 8 
0 0 0 0 0 1 0 8.0667 13 
0 0 0 0 0 1 0 8.0833 18 
0 0 0 0 0 1 0 8.1833 21 
0 0 0 0 0 1 0 8.2333 25 
0 0 0 0 0 1 0 8.2500 26 
0 0 0 0 0 1 0 8.2667 25 
0 0 0 0 0 1 0 8.3167 28 
0 0 0 0 0 1 0 8.3333 27 
0 0 0 0 0 1 0 8.3833 32 
0 0 0 0 0 1 0 8.4333 33 
0 0 0 0 0 1 0 8.5833 33 
0 0 0 0 0 1 0 8.6333 32 
0 0 0 0 0 1 0 8.6500 33 
0 0 0 0 0 1 0 8.7000 36 
0 0 0 0 0 1 0 8.7333 38 
0 0 0 0 0 1 0 8.7500 39 
0 0 0 0 0 1 0 8.7667 40 
0 0 0 0 0 1 0 8.8000 40 
0 0 0 0 0 1 0 8.8667 40 
0 0 0 0 0 1 0 8.8833 43 
0 0 0 0 0 1 0 8.9000 44 
0 0 0 0 0 1 0 8.9167 45 
0 0 0 0 0 1 0 9.0167 44 
0 0 0 0 0 1 0 9.0500 43 
0 0 0 0 0 1 0 9.0833 44 
0 0 0 0 0 1 0 9.1000 45 
0 0 0 0 0 1 0 9.1667 44 
0 0 0 0 0 1 0 9.1833 43 
0 0 0 0 0 1 0 9.2000 45 
0 0 0 0 0 1 0 9.2500 46 
0 0 0 0 0 1 0 9.2667 45 
0 0 0 0 0 1 0 9.3000 44 
0 0 0 0 0 1 0 9.3333 43 
0 0 0 0 0 1 0 9.3500 45 
0 0 0 0 0 1 0 9.3667 44 
0 0 0 0 0 1 0 9.4667 45 
0 0 0 0 0 1 0 9.5167 43 
0 0 0 0 0 1 0 9.5333 42 
0 0 0 0 0 1 0 9.5500 43 
0 0 0 0 0 1 0 9.5667 40 
0 0 0 0 0 1 0 9.6167 42 
0 0 0 0 0 1 0 9.6333 39 
0 0 0 0 0 1 0 9.6833 37 
0 0 0 0 0 1 0 9.7000 38 
0 0 0 0 0 1 0 9.7500 43 
0 0 0 0 0 1 0 9.7667 42 
0 0 0 0 0 1 0 9.8000 40 
0 0 0 0 0 1 0 9.8667 39 
0 0 0 0 0 1 0 9.9000 40 
0 0 0 0 0 1 0 9.9667 38 
0 0 0 0 0 1 0 10.0000 39 
0 0 0 0 0 1 0 10.0500 37 
0 0 0 0 0 1 0 10.0833 42 
0 0 0 0 0 1 0 10.1333 45 
0 0 0 0 0 1 0 10.2000 43 
0 0 0 0 0 1 0 10.2167 44 
0 0 0 0 0 1 0 10.2333 43 
0 0 0 0 0 1 0 10.2667 45 
0 0 0 0 0 1 0 10.2833 46 
0 0 0 0 0 1 0 10.3000 48 
0 0 0 0 0 1 0 10.3500 52 
0 0 0 0 0 1 0 10.3833 51 
0 0 0 0 0 1 0 10.4167 48 
0 0 0 0 0 1 0 10.5000 49 
0 0 0 0 0 1 0 10.5333 48 
0 0 0 0 0 1 0 10.5500 45 
0 0 0 0 0 1 0 10.6333 48 
0 0 0 0 0 1 0 10.6500 50 
0 0 0 0 0 1 0 10.6833 45 
0 0 0 0 0 1 0 10.7167 49 
0 0 0 0 0 1 0 10.7333 50 
0 0 0 0 0 1 0 10.8000 55 
0 0 0 0 0 1 0 10.8167 57 
0 0 0 0 0 1 0 10.8333 58 
0 0 0 0 0 1 0 10.8667 60 
0 0 0 0 0 1 0 10.8833 63 
0 0 0 0 0 1 0 10.9667 61 
0 0 0 0 0 1 0 11.0000 58 
0 0 0 0 0 1 0 11.0167 62 
0 0 0 0 0 1 0 11.0333 61 
0 0 0 0 0 1 0 11.0667 61 
0 0 0 0 0 1 0 11.1167 63 
0 0 0 0 0 1 0 11.1500 61 
0 0 0 0 0 1 0 11.1667 62 
0 0 0 0 0 1 0 11.2000 60 
0 0 0 0 0 1 0 11.2167 58 
0 0 0 0 0 1 0 11.2500 60 
0 0 0 0 0 1 0 11.2667 58 
0 0 0 0 0 1 0 11.2833 57 
0 0 0 0 0 1 0 11.3500 56 
0 0 0 0 0 1 0 11.3667 58 
0 0 0 0 0 1 0 11.4000 57 
0 0 0 0 0 1 0 11.4333 55 
0 0 0 0 0 1 0 11.4500 52 
0 0 0 0 0 1 0 11.4667 51 
0 0 0 0 0 1 0 11.5167 50 
0 0 0 0 0 1 0 11.5333 49 
0 0 0 0 0 1 0 11.5500 48 
0 0 0 0 0 1 0 11.5833 49 
0 0 0 0 0 1 0 11.6000 51 
0 0 0 0 0 1 0 11.6500 55 
0 0 0 0 0 1 0 11.6667 56 
0 0 0 0 0 1 0 11.6833 57 
0 0 0 0 0 1 0 11.7000 58 
0 0 0 0 0 1 0 11.7333 57 
0 0 0 0 0 1 0 11.7500 54 
0 0 0 0 0 1 0 11.7667 52 
0 0 0 0 0 1 0 11.8333 55 
0 0 0 0 0 1 0 11.8667 55 
0 0 0 0 0 1 0 11.9000 56 
0 0 0 0 0 1 0 11.9500 54 
0 0 0 0 0 1 0 11.9667 55 
0 0 0 0 0 1 0 12.0000 57 
0 0 0 0 0 1 0 12.0667 55 
0 0 0 0 0 1 0 12.1167 54 
0 0 0 0 0 1 0 12.1667 56 
0 0 0 0 0 1 0 12.2333 51 
0 0 0 0 0 1 0 12.2500 54 
0 0 0 0 0 1 0 12.2667 56 
0 0 0 0 0 1 0 12.2833 57 
0 0 0 0 0 1 0 12.3000 56 
0 0 0 0 0 1 0 12.3167 54 
0 0 0 0 0 1 0 12.3333 51 
0 0 0 0 0 1 0 12.4000 49 
0 0 0 0 0 1 0 12.4333 48 
0 0 0 0 0 1 0 12.4667 48 
0 0 0 0 0 1 0 12.4833 46 
0 0 0 0 0 1 0 12.5000 48 
0 0 0 0 0 1 0 12.5333 45 
0 0 0 0 0 1 0 12.5500 46 
0 0 0 0 0 1 0 12.5667 48 
0 0 0 0 0 1 0 12.5833 46 
0 0 0 0 0 1 0 12.6000 45 
0 0 0 0 0 1 0 12.6500 46 
0 0 0 0 0 1 0 12.7167 45 
0 0 0 0 0 1 0 12.8833 48 
0 0 0 0 0 1 0 12.9000 46 
0 0 0 0 0 1 0 12.9167 48 
0 0 0 0 0 1 0 12.9333 45 
0 0 0 0 0 1 0 13.0167 46 
0 0 0 0 0 1 0 13.0333 45 
0 0 0 0 0 1 0 13.0500 46 
0 0 0 0 0 1 0 13.0833 50 
0 0 0 0 0 1 0 13.2333 49 
0 0 0 0 0 1 0 13.2667 50 
0 0 0 0 0 1 0 13.3000 49 
0 0 0 0 0 1 0 13.3333 50 
0 0 0 0 0 1 0 13.3667 45 
0 0 0 0 0 1 0 13.4000 46 
0 0 0 0 0 1 0 13.4333 45 
0 0 0 0 0 1 0 13.4833 49 
0 0 0 0 0 1 0 13.5167 50 
0 0 0 0 0 1 0 13.6000 51 
0 0 0 0 0 1 0 13.6333 52 
0 0 0 0 0 1 0 13.6667 51 
0 0 0 0 0 1 0 13.7500 54 
0 0 0 0 0 1 0 13.7833 55 
0 0 0 0 0 1 0 13.8167 54 
0 0 0 0 0 1 0 13.8667 55 
0 0 0 0 0 1 0 13.8833 52 
0 0 0 0 0 1 0 13.9000 54 
0 0 0 0 0 1 0 14.0833 50 
0 0 0 0 0 1 0 14.1167 54 
0 0 0 0 0 1 0 14.1333 51 
0 0 0 0 0 1 0 14.1500 50 
0 0 0 0 0 1 0 14.1667 51 
0 0 0 0 0 1 0 14.2833 57 
0 0 0 0 0 1 0 14.3000 58 
0 0 0 0 0 1 0 14.3167 57 
0 0 0 0 0 1 0 14.3333 56 
0 0 0 0 0 1 0 14.4000 58 
0 0 0 0 0 1 0 14.4667 60 
0 0 0 0 0 1 0 14.4833 61 
0 0 0 0 0 1 0 14.5167 57 
0 0 0 0 0 1 0 14.6333 54 
0 0 0 0 0 1 0 14.6833 57 
0 0 0 0 0 1 0 14.7333 67 
0 0 0 0 0 1 0 14.7500 62 
0 0 0 0 0 1 0 14.7667 60 
0 0 0 0 0 1 0 14.8000 63 
0 0 0 0 0 1 0 14.8167 66 
0 0 0 0 0 1 0 14.8333 63 
0 0 0 0 0 1 0 14.8667 61 
0 0 0 0 0 1 0 14.9000 58 
0 0 0 0 0 1 0 14.9167 61 
0 0 0 0 0 1 0 14.9500 57 
0 0 0 0 0 1 0 15.0000 56 
0 0 0 0 0 1 0 15.0167 57 
0 0 0 0 0 1 0 15.0833 63 
0 0 0 0 0 1 0 15.1000 62 
0 0 0 0 0 1 0 15.1333 58 
0 0 0 0 0 1 0 15.1500 57 
0 0 0 0 0 1 0 15.2167 60 
0 0 0 0 0 1 0 15.2333 58 
0 0 0 0 0 1 0 15.2500 60 
0 0 0 0 0 1 0 15.3167 63 
0 0 0 0 0 1 0 15.3333 66 
0 0 0 0 0 1 0 15.4000 73 
0 0 0 0 0 1 0 15.4833 75 
0 0 0 0 0 1 0 15.5667 76 
0 0 0 0 0 1 0 15.6000 74 
0 0 0 0 0 1 0 15.6167 73 
0 0 0 0 0 1 0 15.6333 74 
0 0 0 0 0 1 0 15.6667 73 
0 0 0 0 0 1 0 15.6833 78 
0 0 0 0 0 1 0 15.7000 80 
0 0 0 0 0 1 0 15.8167 84 
0 0 0 0 0 1 0 15.8333 81 
0 0 0 0 0 1 0 15.9000 79 
0 0 0 0 0 1 0 15.9500 80 
0 0 0 0 0 1 0 15.9667 79 
0 0 0 0 0 1 0 15.9833 78 
0 0 0 0 0 1 0 16.0000 85 
0 0 0 0 0 1 0 16.0333 86 
0 0 0 0 0 1 0 16.0500 84 
0 0 0 0 0 1 0 16.1333 87 
0 0 0 0 0 1 0 16.1500 86 
0 0 0 0 0 1 0 16.2000 87 
0 0 0 0 0 1 0 16.2167 85 
0 0 0 0 0 1 0 16.2667 84 
0 0 0 0 0 1 0 16.2833 81 
0 0 0 0 0 1 0 16.3000 82 
0 0 0 0 0 1 0 16.3167 81 
0 0 0 0 0 1 0 16.3500 82 
0 0 0 0 0 1 0 16.4167 91 
0 0 0 0 0 1 0 16.4500 90 
0 0 0 0 0 1 0 16.4667 81 
0 0 0 0 0 1 0 16.5333 79 
0 0 0 0 0 1 0 16.5500 78 
0 0 0 0 0 1 0 16.5833 79 
0 0 0 0 0 1 0 16.6000 80 
0 0 0 0 0 1 0 16.6333 81 
0 0 0 0 0 1 0 16.7500 75 
0 0 0 0 0 1 0 16.8500 75 
0 0 0 0 0 1 0 16.9000 74 
0 0 0 0 0 1 0 16.9167 76 
0 0 0 0 0 1 0 16.9500 75 
0 0 0 0 0 1 0 17.0000 76 
0 0 0 0 0 1 0 17.0667 75 
0 0 0 0 0 1 0 17.0833 76 
0 0 0 0 0 1 0 17.1333 76 
0 0 0 0 0 1 0 17.1500 78 
0 0 0 0 0 1 0 17.2167 81 
0 0 0 0 0 1 0 17.2500 82 
0 0 0 0 0 1 0 17.2833 81 
0 0 0 0 0 1 0 17.3000 80 
0 0 0 0 0 1 0 17.3167 79 
0 0 0 0 0 1 0 17.3333 78 
0 0 0 0 0 1 0 17.3667 76 
0 0 0 0 0 1 0 17.4000 78 
0 0 0 0 0 1 0 17.4167 76 
0 0 0 0 0 1 0 17.4500 73 
0 0 0 0 0 1 0 17.4667 74 
0 0 0 0 0 1 0 17.4833 73 
0 0 0 0 0 1 0 17.5000 74 
0 0 0 0 0 1 0 17.5167 73 
0 0 0 0 0 1 0 17.6000 73 
0 0 0 0 0 1 0 17.6333 72 
0 0 0 0 0 1 0 17.6500 74 
0 0 0 0 0 1 0 17.6833 75 
0 0 0 0 0 1 0 17.7167 80 
0 0 0 0 0 1 0 17.7333 79 
0 0 0 0 0 1 0 17.7667 80 
0 0 0 0 0 1 0 17.7833 81 
0 0 0 0 0 1 0 17.8833 79 
0 0 0 0 0 1 0 17.9000 80 
0 0 0 0 0 1 0 17.9500 79 
0 0 0 0 0 1 0 17.9667 81 
0 0 0 0 0 1 0 18.0000 79 
0 0 0 0 0 1 0 18.0333 79 
0 0 0 0 0 1 0 18.0500 78 